Height(cm),Weight(kg)
189,136
194,124
161,152
174,108
197,75
171,156
170,86
161,125
189,141
195,129
158,137
168,88
151,111
157,66
143,142
173,113
180,137
162,104
163,153
171,66
154,135
150,94
178,97
194,132
149,99
188,61
179,65
173,133
145,138
168,59
178,74
152,135
160,126
158,77
140,106
143,75
187,70
189,118
169,157
198,77
161,66
157,144
164,79
167,136
158,55
161,102
191,148
198,155
197,124
165,103
172,89
190,126
169,139
171,62
191,74
148,105
190,85
165,71
166,134
142,82
196,117
185,107
184,133
165,145
152,59
140,109
188,68
155,68
141,132
156,87
194,154
175,123
199,153
149,143
150,134
176,103
140,90
187,142
196,150
147,135
172,144
171,133
164,143
170,134
180,62
171,106
177,124
174,115
161,87
197,50
156,62
149,130
153,137
165,71
179,56
150,104
162,71
149,98
190,85
151,139
196,86
164,155
143,50
164,95
197,137
188,92
141,94
183,109
198,102
149,90
174,66
180,59
145,123
171,83
148,94
147,159
174,146
183,148
198,57
144,139
181,63
141,75
183,111
159,146
170,159
185,113
144,65
177,94
177,69
178,67
177,76
194,151
195,66
181,138
191,94
147,141
174,50
160,89
198,55
187,93
189,149
176,106
146,133
173,106
144,159
158,89
153,61
152,69
183,65
152,85
175,109
164,136
188,64
176,51
174,66
161,99
159,148
160,67
164,146
182,50
158,145
164,149
192,119
162,109
161,125
196,75
197,69
147,140
178,90
143,115
161,67
194,120
181,100
150,101
169,78
170,156
195,91
197,111
146,95
183,153
182,158
182,57
180,84
165,140
171,92
156,72
197,61
177,134
148,96
143,95
158,71
188,82
152,93
152,78
178,91
163,111
162,69
183,129
152,92
155,71
170,153
144,90
156,153
193,57
161,55
145,154
181,104
196,113
144,82
183,133
153,85
179,139
145,121
169,100
165,104
151,122
152,151
151,156
164,150
175,102
146,51
157,116
167,73
190,156
160,145
187,106
157,56
197,135
194,122
186,143
186,127
144,84
197,88
143,61
197,76
179,118
159,117
183,101
164,126
145,132
152,70
160,72
155,118
166,109
171,152
181,138
191,126
196,62
189,85
164,57
168,151
162,137
178,77
141,138
196,96
171,137
188,130
184,61
185,87
140,93
176,159
194,83
141,128
149,53
172,75
194,121
146,102
184,141
167,102
166,135
180,54
186,66
161,138
158,123
199,53
145,112
141,86
169,52
192,106
168,140
180,114
147,147
160,108
181,50
140,61
168,126
176,89
153,75
172,115
196,117
151,128
184,101
172,141
168,56
181,79
154,148
156,104
167,158
166,129
187,101
197,89
143,62
154,96
182,75
143,80
146,65
160,64
150,64
163,104
163,137
150,138
153,107
172,85
166,60
168,133
193,110
184,124
141,117
168,117
196,85
183,144
148,83
142,145
148,70
158,104
191,119
186,129
140,103
186,57
163,158
144,146
177,148
149,112
171,158
169,88
193,99
195,69
163,119
196,99
171,52
160,117
170,126
161,72
172,80
194,55
192,74
150,140
199,114
145,146
191,66
171,114
168,72
191,132
191,98
197,92
197,136
152,98
171,74
172,114
145,111
152,142
147,105
146,137
171,88
186,146
152,151
198,56
140,148
188,93
167,101
157,67
189,114
194,125
157,75
144,65
166,122
150,157
167,156
194,97
199,93
178,76
179,55
190,145
174,125
179,53
150,141
172,63
181,109
141,92
189,94
155,107
161,119
164,115
144,67
162,118
195,62
169,133
196,106
174,82
186,65
160,60
154,128
189,67
177,124
155,158
191,111
199,91
147,90
199,139
140,152
176,130
174,51
152,141
172,113
158,160
154,154
173,57
146,120
193,52
194,88
143,100
143,105
166,100
171,123
170,65
197,144
141,129
196,87
146,96
165,66
171,62
163,58
180,133
162,106
170,106
189,84
190,134
195,90
147,152
141,110
152,147
181,115
174,118
153,135
176,79
157,139
174,158
146,115
191,118
184,104
179,108
190,99
160,89
147,121
164,158
152,160
152,112
179,121
163,68
179,133
177,75
166,53
170,95
157,148
192,142
144,82
164,89
197,133
168,67
141,68
196,53
180,67
156,55
141,127
185,158
163,70
169,114
164,86
154,67
191,60
166,129
169,112
172,62
174,116
169,138
173,93
145,59
149,139
170,154
166,96
140,53
151,114
187,96
174,135
183,148
191,147
164,132
144,153
167,56
144,91
149,101
161,120
182,109
162,67
180,104
156,56
191,119
143,70
179,117
177,97
183,142
172,160
141,120
177,72
193,110
160,111
169,129
164,84
184,116
142,159
168,50
178,72
146,53
164,152
153,104
156,60
197,117
172,143
193,52
179,75
185,70
196,155
154,109
158,52
158,87
160,64
182,114
195,133
190,135
196,125
153,70
147,92
162,82
191,62
152,126
164,63
146,112
199,133
151,76
178,142
173,145
142,55
174,111
178,147
156,93
154,159
183,69
141,159
178,118
184,103
161,121
187,75
186,51
180,159
196,141
158,84
160,81
166,143
198,93
177,116
187,159
199,160
198,65
160,71
174,120
174,132
163,107
161,141
151,114
197,106
184,50
149,81
172,96
142,153
167,152
197,159
172,131
188,59
191,106
144,133
193,104
170,97
165,82
197,59
181,57
179,154
154,75
155,98
172,66
148,148
152,100
163,129
144,100
180,110
192,117
147,127
151,137
140,65
182,129
198,85
189,89
191,147
192,149
188,111
183,140
175,132
178,82
165,84
199,125
155,150
166,77
193,143
175,109
189,101
186,145
171,76
160,130
185,102
156,114
148,62
153,135
162,67
153,158
152,55
170,127
194,69
160,112
152,116
197,101
152,137
190,157
146,55
165,66
188,87
187,103
195,59
144,102
184,131
162,148
156,50
156,66
169,141
184,130
187,106
160,100
152,113
183,63
150,90
167,147
183,111
173,81
193,82
192,147
149,67
167,75
146,144
167,78
192,56
152,96
180,87
194,76
184,159
199,60
170,135
149,153
176,82
165,89
151,122
167,155
182,108
156,116
170,153
176,148
179,130
183,74
190,157
159,53
141,96
152,56
189,76
160,106
159,64
185,122
146,108
197,87
184,130
149,86
143,91
194,146
182,113
156,142
193,112
188,66
152,70
140,99
146,99
144,90
180,50
165,55
192,121
195,154
159,89
184,124
186,65
143,135
194,110
150,124
188,159
169,88
185,50
161,66
160,151
141,82
147,99
151,93
150,112
197,89
153,149
166,95
169,156
141,157
199,81
148,76
169,127
183,153
190,117
167,114
157,82
175,76
158,93
143,65
150,68
178,67
164,80
184,133
190,142
141,114
142,74
163,99
176,104
166,60
174,52
147,73
187,59
195,158
192,86
154,160
171,129
172,62
160,138
169,130
173,154
175,107
176,141
194,102
187,77
181,95
190,65
170,87
146,143
147,107
159,147
177,61
197,80
168,107
185,114
149,152
150,75
153,70
166,56
179,64
152,88
178,53
148,72
151,79
156,86
170,146
199,110
166,96
158,157
171,160
168,102
141,140
154,61
193,52
191,105
168,52
171,103
155,82
171,59
149,56
186,116
142,149
197,76
182,59
141,156
176,155
174,94
183,140
158,72
195,103
188,112
151,96
142,52
168,116
195,120
185,133
186,62
193,157
140,123
148,118
169,57
169,89
173,50
170,119
175,157
181,85
154,134
144,99
148,113
164,132
165,121
189,154
187,78
184,126
146,136
188,70
158,146
178,106
180,123
159,85
164,117
198,140
185,66
183,83
193,105
168,65
177,65
176,138
155,89
198,75
184,147
150,119
166,134
169,72
169,116
168,128
188,69
160,53
164,127
177,104
172,90
174,139
164,67
173,124
153,55
186,151
196,122
186,138
168,123
172,86
168,120
161,119
147,104
166,113
186,147
197,155
161,71
171,97
189,142
149,93
195,154
191,118
158,51
152,160
172,147
181,100
157,155
147,96
185,69
164,56
175,67
190,125
146,127
163,153
176,133
142,123
172,153
180,66
146,53
190,140
149,158
187,53
145,96
142,140
173,160
142,99
150,84
178,116
176,75
177,160
178,101
142,127
154,129
170,58
176,104
147,154
180,60
146,147
161,69
154,99
184,154
189,56
154,137
176,65
165,112
158,135
169,66
176,70
162,77
158,114
168,97
150,118
146,156
186,51
190,114
147,86
186,113
161,54
198,55
193,60
148,91
180,62
141,81
158,54
153,144
169,93
161,105
192,151
157,93
143,130
199,150
171,118
167,127
183,134
186,105
155,105
172,127
172,95
163,100
180,115
184,56
144,83
151,92
182,65
173,55
172,103
177,111
143,150
148,124
186,119
158,142
173,70
180,83
189,113
179,124
140,56
153,102
155,58
159,70
147,142
157,106
179,50
181,102
144,110
189,127
189,83
180,67
191,98
167,97
155,148
161,153
166,84
150,67
187,117
190,101
185,112
183,51
154,74
147,99
179,132
142,91
149,67
177,155
155,53
149,60
198,119
176,74
194,101
156,102
176,80
185,89
150,139
197,68
187,72
169,130
146,139
149,64
171,109
145,73
189,65
190,147
198,157
182,60
156,116
159,156
182,117
143,151
159,108
177,104
143,104
180,73
163,157
186,59
185,99
154,111
172,57
170,141
182,154
189,81
176,140
195,137
163,149
181,140
176,79
149,94
184,147
155,73
150,77
143,125
194,127
163,57
181,61
180,143
185,55
166,145
147,155
176,107
187,86
141,123
147,112
198,128
174,107
164,132
159,155
173,155
170,123
163,63
191,50
143,72
171,112
184,57
167,102
190,127
164,151
198,130
192,59
147,138
168,94
141,63
141,100
167,70
179,80
154,120
158,111
197,138
199,124
176,74
179,116
174,137
162,144
186,156
163,97
171,133
170,136
180,125
182,51
157,106
176,157
166,142
195,132
177,152
198,57
171,148
152,74
163,97
182,138
145,65
141,100
145,112
150,53
184,152
168,120
183,145
140,50
159,116
181,86
194,130
174,80
198,109
192,149
161,93
196,154
182,105
163,78
140,91
144,73
188,117
191,160
188,90
160,158
164,99
160,59
181,81
199,128
177,155
162,82
150,136
147,111
199,135
196,129
169,146
159,87
154,65
182,55
190,100
190,77
199,131
173,108
140,56
162,140
179,66
149,143
143,63
145,90
165,87
148,121
145,121
172,159
188,94
148,146
192,62
144,158
194,100
165,87
175,74
193,153
195,95
185,67
150,70
182,126
140,104
145,98
193,153
170,133
175,150
140,62
170,74
189,75
188,90
199,146
175,59
146,151
152,159
162,149
178,137
160,142
183,83
198,131
177,129
194,73
173,116
175,146
186,110
164,76
155,120
190,60
172,91
196,146
180,108
143,111
152,124
158,135
150,96
194,64
173,78
190,118
186,151
154,101
143,155
191,148
153,76
190,139
166,116
199,90
171,146
155,77
145,88
184,151
155,128
182,102
193,135
163,79
173,122
174,133
185,87
163,86
186,123
199,93
145,148
183,58
179,112
173,121
146,107
187,106
160,105
180,100
143,147
141,154
194,148
189,116
194,88
146,77
157,80
171,152
164,99
160,50
156,76
186,156
184,151
144,149
157,110
171,94
176,78
147,111
198,113
159,88
187,55
166,158
160,121
151,76
191,156
165,109
195,149
199,91
141,110
177,147
155,76
149,88
196,91
169,64
166,142
199,123
166,88
153,110
191,101
157,50
196,62
190,118
193,62
172,122
198,63
156,84
148,139
156,61
167,63
191,147
153,68
156,117
162,94
140,100
188,98
188,122
141,78
193,139
175,108
189,59
185,76
143,144
198,121
165,82
199,134
154,92
171,123
180,121
178,100
166,146
187,146
186,111
183,127
156,141
174,59
145,54
143,80
150,54
167,83
196,80
175,154
167,134
152,137
158,146
159,127
190,108
147,97
162,61
187,81
171,124
144,89
194,93
186,57
156,158
142,102
162,149
153,144
156,50
164,153
193,66
194,146
171,127
190,112
196,86
161,86
170,75
197,96
192,83
151,71
189,69
172,102
182,67
158,79
156,154
196,74
177,155
187,100
156,102
188,114
158,67
142,92
156,90
158,127
148,107
144,132
170,127
185,67
187,107
188,64
166,156
192,136
146,126
197,144
158,141
142,83
166,156
155,105
161,65
151,101
140,126
155,68
153,108
195,156
140,113
152,138
191,160
169,115
160,50
196,54
162,100
193,98
157,130
144,143
165,93
184,138
170,96
160,111
147,156
170,94
169,133
171,52
164,95
164,121
186,130
177,93
146,160
199,120
194,127
161,142
193,108
191,137
196,124
141,75
189,62
159,156
175,101
142,152
160,121
199,157
156,110
159,69
147,123
194,112
172,83
198,158
174,128
172,126
166,134
172,86
198,61
144,87
160,63
152,65
193,62
173,109
144,96
152,146
146,147
145,160
167,111
168,99
163,122
171,112
169,73
145,144
180,158
164,120
190,84
171,79
196,125
168,138
158,106
187,125
155,67
158,88
152,127
165,85
155,52
195,141
157,108
148,117
194,81
189,63
194,98
184,56
187,98
189,118
198,140
193,64
182,157
163,144
198,148
155,138
171,149
188,139
199,93
185,109
152,57
196,54
149,80
195,94
172,71
142,101
149,159
172,66
144,86
172,124
183,138
182,99
185,124
145,86
158,133
158,51
140,153
182,62
160,137
170,126
161,51
168,72
147,146
152,67
153,84
179,130
155,113
156,111
152,150
162,55
171,94
187,122
152,83
196,137
179,83
150,90
171,62
161,107
149,112
163,59
186,143
188,116
169,159
188,93
167,112
154,95
146,59
164,51
183,159
196,109
173,105
152,68
152,56
162,155
157,94
185,122
181,85
163,159
171,70
155,80
185,93
195,64
186,77
178,74
157,142
151,97
182,57
150,103
160,111
175,144
181,124
185,159
166,110
178,143
151,53
158,106
174,87
165,56
181,82
152,111
168,84
185,128
163,125
146,77
158,134
156,82
161,76
161,117
154,58
155,150
156,99
144,62
143,137
176,89
146,55
146,115
149,139
148,98
146,139
169,114
153,84
177,114
150,90
170,74
156,114
150,139
186,67
152,94
145,116
193,155
183,152
146,136
176,118
174,98
179,113
173,151
148,153
146,70
182,75
167,87
156,157
178,74
154,148
188,82
150,106
156,74
159,90
179,128
159,84
172,117
196,112
152,68
180,100
175,147
156,96
154,106
154,138
174,53
156,118
162,108
158,86
173,57
196,71
141,101
158,134
199,101
190,52
177,85
168,105
195,84
150,107
187,140
189,141
164,139
151,62
197,84
166,61
170,50
146,68
143,56
187,90
163,82
184,128
191,146
168,68
157,141
166,53
197,84
186,157
162,104
145,135
156,112
198,64
166,127
198,81
176,137
156,96
141,148
196,81
141,59
178,72
186,142
191,67
141,143
141,110
160,82
182,157
177,142
185,104
188,122
152,96
158,143
165,85
155,65
181,53
141,92
146,71
188,54
142,124
196,129
156,142
178,110
169,131
177,143
172,103
141,78
179,133
190,64
191,111
183,74
164,117
199,86
151,98
170,110
154,103
153,126
154,91
192,123
191,154
193,74
170,93
168,88
199,100
159,128
156,56
190,72
172,107
165,67
187,81
177,119
149,126
159,62
141,59
144,80
182,70
174,109
195,129
161,86
191,125
179,112
169,117
198,91
192,82
151,76
196,159
172,61
177,132
173,134
164,111
187,115
188,84
192,62
171,59
180,74
169,66
190,68
176,60
190,121
154,133
149,102
178,65
181,60
170,141
160,154
142,61
148,72
156,100
160,152
173,145
151,84
147,66
165,51
149,115
143,63
149,114
172,55
181,81
168,110
161,95
154,124
161,54
180,79
151,60
159,128
176,104
173,64
179,142
192,118
197,151
185,57
191,82
199,80
161,98
172,90
147,101
182,157
141,158
151,117
189,87
168,154
198,99
182,106
163,127
184,140
188,69
174,125
165,93
175,93
153,62
141,104
196,133
156,57
166,65
152,111
167,123
171,53
172,147
157,154
188,71
192,59
173,84
167,116
157,84
173,103
142,94
170,59
171,102
194,112
148,132
185,135
149,108
172,86
146,131
152,146
157,52
175,132
199,50
149,87
186,134
187,102
180,80
167,113
187,50
178,54
193,59
194,70
193,92
194,70
157,160
163,72
140,68
154,136
166,96
159,117
150,149
170,124
159,51
178,88
154,149
148,92
198,156
150,89
151,121
183,66
173,118
167,113
152,122
141,129
143,90
183,99
187,98
144,141
176,82
176,142
174,127
165,58
145,82
143,77
150,121
173,90
183,112
157,62
157,61
141,108
188,60
185,90
183,156
184,116
175,82
180,95
169,137
188,98
166,55
170,160
168,110
160,130
183,116
184,61
173,63
167,158
188,138
180,54
194,89
151,123
198,51
166,132
144,117
187,74
188,118
171,137
141,74
186,118
179,59
140,126
194,77
195,139
168,110
145,94
167,112
175,81
185,96
178,58
180,153
191,151
181,157
184,73
197,146
159,116
190,109
186,91
148,137
155,135
198,110
198,94
163,145
197,158
155,153
144,59
149,150
165,133
198,116
142,58
148,113
172,120
179,113
198,158
191,110
176,57
168,99
142,69
172,120
175,156
196,94
175,115
163,90
156,51
165,102
180,132
175,97
168,83
185,54
194,127
194,150
169,151
146,94
188,130
154,126
197,160
175,149
174,131
178,52
145,142
175,79
183,159
156,160
151,150
191,78
178,109
195,70
160,156
163,73
177,114
147,62
170,74
172,150
188,123
196,98
153,55
169,54
161,95
154,115
164,96
199,116
188,118
153,97
158,131
151,103
151,73
161,141
170,157
181,60
142,97
187,131
191,99
198,75
159,67
192,142
195,77
155,155
165,105
175,141
195,129
173,121
152,156
169,106
143,111
160,83
193,135
155,132
173,120
176,153
182,121
182,147
145,55
173,74
176,138
155,70
157,70
185,132
158,77
194,141
180,102
144,101
167,108
145,60
188,118
195,140
162,114
161,67
150,54
185,132
151,127
147,116
195,124
190,146
148,142
188,71
169,118
183,146
175,123
156,57
147,129
156,113
186,129
165,133
175,79
176,63
147,131
141,71
172,88
166,119
147,92
192,101
194,125
197,98
180,107
170,61
173,125
155,130
159,118
158,152
143,61
193,68
196,84
168,77
141,50
167,159
158,148
167,146
153,95
194,125
148,98
155,94
175,90
159,97
151,64
179,141
162,129
157,159
162,99
156,152
193,67
158,123
175,129
158,104
186,137
170,149
192,62
163,149
177,129
145,129
178,97
141,103
158,95
150,127
193,67
160,132
150,105
173,81
180,54
174,74
194,148
184,68
187,154
142,82
177,154
187,136
188,60
194,137
191,55
194,64
171,67
167,65
189,148
180,72
188,96
178,97
168,57
158,64
162,151
157,128
158,79
164,119
155,103
180,145
194,69
198,136
150,94
190,77
157,55
173,85
147,137
155,68
162,55
180,150
170,112
183,112
179,125
177,63
156,73
160,88
146,57
173,91
168,74
161,93
173,156
149,140
149,135
197,105
142,105
179,107
168,127
164,125
167,54
174,113
158,153
141,110
189,128
197,58
197,72
172,79
181,53
150,127
172,160
186,143
140,135
141,140
194,52
165,129
151,114
150,112
177,61
187,140
178,156
148,144
144,143
147,93
148,112
158,58
141,57
192,56
165,144
156,104
172,93
161,133
155,92
142,158
152,107
178,127
177,157
190,155
192,65
198,133
153,109
145,151
173,137
191,55
152,138
186,100
184,51
164,58
174,109
171,113
172,92
175,122
176,151
162,140
189,160
148,127
160,87
190,66
142,82
167,140
146,108
175,57
171,91
170,130
195,50
160,73
160,157
149,154
175,136
173,147
171,77
171,106
181,87
198,152
143,146
162,137
167,120
190,70
194,99
165,70
152,89
147,50
197,107
199,63
193,85
195,75
169,132
154,89
199,107
169,72
169,69
177,140
184,80
162,154
197,60
165,153
177,67
159,62
144,57
187,160
180,119
151,80
195,80
141,145
152,92
191,154
172,53
165,98
193,73
197,149
199,149
174,97
173,147
179,85
153,80
167,86
199,102
155,111
175,100
179,143
166,95
161,72
159,99
146,50
191,68
179,83
161,113
170,86
166,65
183,68
186,106
190,136
178,143
156,128
144,123
164,60
148,138
161,159
196,143
166,134
186,121
160,91
160,138
172,119
160,148
163,114
141,143
184,149
150,78
194,61
196,57
193,147
141,153
189,87
153,124
176,72
165,141
175,56
180,68
181,145
155,82
141,144
161,98
198,59
158,137
152,124
196,131
145,106
148,152
170,78
166,125
189,88
156,90
166,112
153,147
193,150
165,90
165,86
164,63
190,87
148,76
148,74
172,106
145,153
169,130
154,149
151,147
178,70
187,129
156,82
174,92
192,53
164,55
164,106
179,125
178,114
176,85
171,157
175,114
181,95
196,57
164,122
148,146
153,128
193,123
151,97
173,140
190,80
151,91
145,56
154,155
191,123
197,63
177,71
170,160
165,54
156,156
190,93
151,91
184,68
199,125
142,113
145,56
140,110
195,140
156,62
166,67
185,89
170,159
197,116
169,54
169,147
175,132
162,103
166,62
176,114
156,89
176,56
140,77
155,142
168,157
153,138
191,121
141,60
144,101
164,83
140,60
197,102
181,94
142,112
162,138
178,139
163,63
165,61
188,147
148,53
193,92
169,133
144,133
197,102
197,129
186,139
148,85
186,90
190,94
198,154
183,55
180,96
156,107
162,77
147,102
188,71
167,103
167,110
188,87
170,51
175,64
198,111
161,68
199,157
198,128
166,86
199,76
145,100
150,145
180,146
199,55
195,63
156,107
151,157
194,129
151,152
177,160
167,135
164,83
174,99
150,115
193,115
146,81
192,124
194,125
170,144
193,136
151,100
141,150
178,84
166,56
151,111
168,76
155,89
188,99
166,86
153,160
179,116
144,140
159,58
177,158
189,137
144,152
154,127
143,88
190,100
195,86
197,84
181,92
197,107
180,104
177,133
160,75
159,107
151,107
151,118
185,118
142,112
161,136
146,132
178,94
143,59
140,108
155,147
199,69
161,135
152,118
186,144
190,132
199,68
170,77
144,134
183,71
176,117
192,81
186,55
173,159
153,108
197,121
160,60
171,92
189,124
153,140
198,88
177,147
183,139
150,119
184,69
154,58
187,61
194,96
193,131
189,141
166,60
153,131
154,111
168,101
150,99
193,72
174,76
180,148
173,133
185,101
155,100
197,120
167,87
194,137
149,95
165,50
191,125
170,69
141,86
182,156
193,158
178,99
176,159
159,75
182,155
156,61
179,88
194,61
177,133
168,84
197,55
149,153
157,89
180,120
193,133
177,148
186,144
140,138
178,108
149,103
159,132
186,103
197,60
199,137
196,100
154,156
190,75
155,153
152,56
185,148
173,149
178,93
196,80
193,56
154,74
153,104
161,130
169,98
198,123
161,142
152,148
173,93
154,152
182,145
153,74
168,134
176,120
163,108
180,153
174,157
191,103
143,92
179,142
168,117
165,78
168,120
152,128
185,109
146,123
163,125
189,143
190,142
184,72
169,145
160,81
142,117
187,68
158,90
161,104
143,96
156,144
176,60
164,62
179,75
158,53
161,108
159,78
152,155
159,159
197,68
171,50
182,96
148,142
193,117
157,80
147,79
149,114
158,150
147,130
168,108
172,140
180,117
196,74
173,88
199,156
140,152
159,99
160,71
184,152
194,88
170,125
154,149
172,58
197,145
185,138
163,119
161,80
171,77
183,150
146,105
175,98
180,99
198,122
183,86
186,73
179,144
142,144
161,128
157,129
169,104
185,125
186,117
199,103
174,158
172,95
146,142
195,69
153,120
196,119
196,78
182,83
183,125
196,116
171,103
168,94
150,156
146,86
146,82
167,98
180,121
143,76
151,92
161,105
144,125
160,61
196,119
191,112
168,61
167,141
176,136
159,130
199,117
172,57
151,69
198,144
147,90
160,54
185,72
153,51
194,131
170,124
181,91
140,142
156,149
158,87
157,115
195,135
153,71
141,121
173,123
152,149
157,132
167,58
178,82
149,90
184,73
185,114
141,82
173,152
182,152
163,56
164,153
178,67
164,50
145,115
183,98
159,59
155,121
170,64
162,148
141,99
170,136
150,72
182,80
173,151
181,65
180,106
162,93
161,100
142,82
158,97
165,141
195,136
160,143
190,65
165,69
176,119
151,111
178,63
167,121
182,104
161,150
192,125
197,124
194,160
182,126
152,112
195,50
152,76
190,90
197,130
178,63
144,79
187,94
167,152
150,61
192,149
160,53
167,136
175,53
199,90
195,53
184,138
155,113
144,113
161,75
160,146
188,90
181,63
168,146
154,117
176,60
190,139
159,109
145,67
158,139
167,144
185,99
144,80
142,111
197,55
165,83
199,127
182,72
192,139
156,50
192,105
152,117
179,118
179,117
148,61
154,140
169,70
153,130
185,147
156,72
163,128
140,106
195,159
153,139
145,129
141,63
185,116
169,104
183,139
156,73
141,129
142,119
144,136
180,87
176,139
152,153
190,92
145,75
178,117
142,99
198,89
198,130
184,51
143,58
157,140
195,147
166,146
194,142
164,54
140,138
182,122
147,62
144,65
171,91
171,139
171,98
156,114
141,147
163,143
157,53
169,85
171,142
199,156
146,124
197,124
187,137
142,87
170,79
198,72
198,68
172,155
189,93
172,138
184,73
184,85
140,86
165,88
169,56
189,151
172,61
163,81
183,67
148,65
145,143
190,90
160,55
153,98
151,51
180,55
178,155
148,74
195,98
194,122
166,57
161,147
174,78
179,160
140,137
150,113
199,88
180,72
188,154
167,109
193,59
184,147
143,105
178,140
143,101
172,88
190,81
151,67
192,63
141,56
170,115
181,83
166,98
172,115
194,149
187,87
159,106
146,99
168,141
159,126
179,131
158,132
197,94
178,120
159,133
191,57
157,151
155,133
193,94
151,77
158,158
190,78
167,104
187,109
148,100
188,145
143,113
141,138
149,52
189,93
145,160
149,97
185,102
159,110
153,76
155,67
167,72
148,85
187,125
147,122
190,59
176,88
165,133
181,112
194,155
195,113
179,129
190,85
152,98
175,124
176,55
169,116
144,115
164,58
172,112
148,148
186,135
145,116
175,158
186,149
190,158
169,55
197,76
179,98
184,77
154,149
151,78
181,103
144,79
168,109
154,54
197,133
142,57
153,88
199,125
149,155
164,153
199,97
165,141
185,132
162,51
149,122
198,118
157,71
196,66
149,93
178,95
168,53
198,61
188,77
153,117
194,147
185,140
159,138
145,160
192,95
167,99
150,87
143,149
144,122
157,90
168,132
150,115
192,151
186,84
162,57
153,106
140,64
142,140
153,78
173,121
189,90
162,122
144,99
147,134
169,106
167,146
166,160
196,110
157,120
175,98
181,153
162,118
141,109
171,142
175,60
145,144
196,89
184,120
187,159
168,129
160,95
173,125
157,130
163,96
161,156
164,98
199,146
162,152
153,75
162,77
155,97
155,56
196,101
193,58
140,66
183,107
144,95
155,140
143,108
144,60
186,63
159,157
183,118
148,119
194,55
178,119
184,86
174,108
145,67
158,113
141,147
160,94
148,86
156,56
199,137
169,58
178,102
196,95
177,73
198,68
155,110
144,120
162,108
156,124
148,51
180,63
166,95
173,77
160,150
191,75
147,146
168,121
140,142
175,140
167,129
146,77
170,61
145,147
166,79
167,118
161,64
175,79
159,117
141,50
161,149
174,112
154,128
180,65
187,64
178,141
161,72
166,93
197,84
183,142
180,93
190,134
177,118
141,103
172,70
150,92
197,93
149,82
148,145
180,89
183,68
177,85
171,124
176,53
156,92
186,124
151,159
172,53
151,136
178,93
159,83
190,97
153,129
190,125
154,91
161,135
172,71
150,64
192,153
164,86
159,157
199,113
185,115
175,96
148,125
173,89
196,139
170,89
167,143
164,136
190,144
178,116
173,102
158,56
176,99
173,90
184,79
175,91
142,135
185,109
191,151
195,86
199,59
193,125
161,136
151,91
195,125
194,123
174,118
150,56
146,129
171,157
147,67
176,122
197,79
143,153
189,79
176,118
151,160
151,135
148,101
160,52
181,101
154,83
149,100
160,63
147,64
140,157
165,108
179,140
171,123
180,112
176,116
142,94
144,110
197,59
162,78
170,71
173,131
148,103
162,132
190,94
179,66
140,69
186,145
152,57
151,101
199,126
170,74
178,53
165,159
157,130
192,136
157,72
177,91
178,142
162,64
157,70
177,67
159,124
170,100
143,153
172,133
158,73
146,142
188,117
185,103
151,110
154,153
142,145
146,147
178,124
153,96
165,82
166,70
146,122
195,143
176,157
155,68
197,74
166,147
147,51
153,114
186,120
180,119
159,146
147,128
181,78
162,131
144,159
162,147
175,117
188,142
140,64
186,116
143,126
155,127
192,121
145,160
140,140
173,100
185,149
178,73
143,120
191,72
192,83
156,94
165,139
152,146
144,92
194,129
187,57
198,156
174,75
166,133
144,114
179,95
152,127
174,56
179,58
160,103
162,70
175,62
163,141
148,113
180,82
144,95
192,144
183,112
165,105
158,108
189,85
170,67
174,150
173,95
181,159
196,65
164,63
165,77
182,74
188,105
193,103
179,143
196,50
149,154
161,95
197,99
178,117
145,154
151,98
195,98
140,158
189,87
158,80
192,153
156,68
182,107
177,137
155,143
154,78
172,149
166,68
188,85
172,82
164,145
177,92
170,123
192,99
194,67
196,82
145,133
171,126
159,125
147,62
173,139
153,91
180,91
175,63
143,142
195,66
168,128
155,149
171,114
148,52
184,119
168,153
182,64
171,102
148,99
199,74
186,131
143,81
179,82
171,152
180,74
173,119
177,136
186,119
160,54
198,93
189,150
164,88
160,86
184,140
186,65
170,101
159,76
188,73
166,160
188,60
184,146
174,86
185,55
182,72
173,99
157,114
147,144
159,88
165,129
192,99
159,126
197,125
169,120
198,93
176,131
181,77
169,91
145,53
151,94
147,128
196,155
195,83
178,56
153,153
161,134
176,58
186,58
150,159
197,126
179,134
184,153
183,135
190,71
170,85
190,113
151,59
183,129
160,97
177,126
164,93
190,141
166,79
176,82
179,158
169,77
180,134
168,137
166,116
185,52
148,62
151,91
164,113
179,77
174,131
164,82
160,151
178,70
156,50
169,58
145,147
193,121
194,69
191,110
172,95
156,50
199,96
148,139
144,118
178,126
166,141
153,68
184,58
192,118
166,103
180,122
153,144
191,128
163,118
168,147
166,142
151,108
187,111
196,157
156,146
153,111
158,62
147,62
191,80
163,146
189,121
182,92
151,54
177,133
143,135
173,73
175,106
156,105
175,73
190,134
191,138
157,130
187,115
186,141
190,151
167,98
165,153
170,143
187,120
196,77
155,76
197,60
184,90
141,152
151,126
165,122
198,154
186,52
145,74
191,148
161,111
187,128
170,114
193,129
185,86
186,99
192,57
171,95
141,124
166,92
188,132
153,76
197,103
164,103
164,92
165,129
151,141
180,135
178,80
159,84
140,54
151,74
163,140
141,105
169,83
157,153
182,105
172,93
163,61
155,131
153,65
184,146
176,69
166,76
159,108
184,116
177,142
192,131
185,140
184,110
176,58
161,119
195,102
146,84
176,132
147,122
191,71
196,131
157,104
174,56
176,138
186,84
140,121
167,150
166,116
182,107
184,113
158,153
145,65
185,102
159,128
196,134
146,128
183,84
192,129
142,69
142,72
172,111
162,125
197,143
171,72
170,69
167,87
157,62
191,146
171,68
144,155
165,158
179,123
150,93
149,159
157,110
147,117
164,90
141,68
172,146
182,109
160,68
191,83
174,74
166,65
166,108
151,131
187,77
182,57
140,91
190,136
145,92
145,75
161,151
176,51
188,149
143,62
195,87
148,69
172,115
197,138
141,159
191,69
144,52
181,159
144,76
184,151
145,155
150,113
185,63
164,113
161,71
154,107
143,51
186,69
145,112
167,98
148,64
170,123
187,62
160,144
169,109
188,112
180,121
174,159
147,147
162,126
168,127
153,119
174,152
158,102
193,80
195,123
151,62
185,93
170,83
142,109
163,129
188,79
178,71
144,68
186,157
189,136
168,93
162,120
152,94
170,119
154,103
145,62
173,99
142,83
154,82
180,89
182,108
192,88
160,132
152,131
199,158
188,124
181,64
174,87
178,156
183,113
193,139
148,133
179,125
169,57
153,65
183,91
156,50
142,153
168,105
172,157
192,102
178,90
165,131
185,58
198,134
187,57
195,53
161,120
171,150
193,83
198,128
176,82
165,130
151,106
185,141
186,54
198,81
190,131
177,88
194,157
177,76
178,94
152,134
141,138
193,117
172,96
168,116
172,126
193,110
172,79
156,158
181,66
154,154
195,121
155,63
176,139
173,118
141,119
140,98
177,138
175,68
192,104
166,67
192,151
169,116
165,70
187,94
185,71
144,142
158,140
168,60
172,97
160,150
155,133
156,98
146,66
195,90
150,53
192,74
172,81
178,63
143,141
171,109
164,125
162,127
178,108
167,99
177,121
153,79
155,70
145,73
156,94
159,72
191,133
184,54
175,74
191,139
156,156
190,68
172,92
165,81
190,142
146,157
155,152
192,150
151,65
165,58
199,137
193,96
162,115
153,60
154,65
191,141
161,66
144,59
151,160
182,132
145,86
175,108
169,52
141,91
194,54
196,129
168,53
153,56
155,53
187,52
164,52
183,107
177,128
196,80
189,119
144,51
143,110
141,60
160,84
152,68
193,104
145,142
197,63
168,130
189,115
163,128
192,134
182,114
199,54
186,103
168,68
145,124
158,79
147,108
196,124
186,61
178,125
145,65
169,67
198,143
164,109
170,151
166,98
180,86
163,79
179,108
198,142
185,56
194,69
179,159
184,109
168,114
152,137
146,90
188,150
165,79
181,51
163,108
191,83
170,113
189,110
154,104
185,103
168,64
141,160
189,90
164,113
155,157
196,50
145,62
186,117
194,158
193,101
177,135
141,88
166,50
191,144
145,158
147,89
158,89
196,85
145,127
142,158
172,144
160,134
155,91
152,58
192,70
149,112
178,62
196,80
147,134
193,112
180,130
195,61
187,148
141,89
155,79
162,156
155,154
182,153
185,121
140,137
180,128
166,85
174,61
141,108
184,113
171,65
193,61
160,147
168,81
182,96
158,152
145,141
169,95
175,133
170,98
180,61
187,159
156,93
173,99
151,106
159,81
188,160
172,129
162,81
173,152
184,53
176,108
181,63
147,100
157,87
197,97
145,155
172,88
176,149
179,59
181,62
165,86
154,54
154,95
161,71
154,133
168,99
191,107
185,81
162,77
148,160
173,138
198,66
185,112
144,97
145,121
155,80
144,83
193,88
146,96
196,64
175,132
141,158
151,94
193,140
195,97
164,157
186,53
142,147
159,144
149,101
189,105
180,145
145,92
189,92
193,87
156,154
173,155
161,54
196,73
152,137
171,107
146,78
162,140
172,115
150,133
174,106
177,67
163,77
147,90
169,84
144,90
176,79
166,67
147,119
199,78
183,90
171,116
197,87
178,83
166,151
190,154
152,106
162,87
167,115
147,51
150,69
178,64
161,127
151,110
146,88
160,80
156,112
170,151
185,80
158,115
144,159
165,131
150,51
154,83
189,82
152,84
184,73
180,159
170,65
194,133
187,150
178,153
162,64
161,87
199,95
158,108
142,100
152,87
150,83
142,89
147,138
153,68
156,158
144,77
165,154
156,136
143,116
152,55
181,136
149,151
145,73
140,127
164,105
149,137
165,132
192,127
162,143
171,121
144,148
154,56
198,154
157,118
162,112
149,139
159,63
193,67
187,67
175,138
159,143
174,52
196,107
161,93
188,157
161,81
169,82
148,152
168,91
174,84
193,146
180,82
148,130
183,123
186,106
142,151
190,158
140,51
167,142
159,78
180,147
146,104
148,141
183,99
157,155
180,73
174,92
196,152
158,96
198,88
190,158
143,53
198,90
184,145
143,103
199,118
174,78
181,159
144,93
188,149
179,57
153,127
164,56
165,146
160,121
173,73
191,71
150,160
173,62
199,95
190,83
154,52
152,154
157,108
151,97
144,158
187,58
193,129
142,81
142,153
186,133
171,86
191,138
188,64
156,152
182,148
185,55
149,70
143,87
195,58
149,71
183,150
151,110
194,105
166,125
174,75
185,107
166,156
144,96
161,91
152,100
147,159
155,104
147,69
189,62
169,83
146,123
175,147
154,149
146,122
170,121
188,124
196,143
190,66
162,73
179,55
160,148
185,90
152,60
177,114
179,90
151,88
184,81
148,112
187,114
161,72
157,160
187,100
195,140
149,123
142,120
140,127
148,151
165,128
147,77
159,151
192,128
199,75
168,115
162,102
186,127
152,68
194,153
144,149
196,104
192,87
183,52
163,108
168,73
199,82
194,56
159,63
157,123
149,103
186,107
178,98
146,106
156,80
195,154
160,152
190,146
193,50
183,87
161,108
164,52
175,151
163,151
173,138
158,59
142,131
145,158
176,80
161,115
160,82
164,61
188,124
150,127
192,128
192,121
178,52
197,56
183,74
170,66
164,86
154,96
197,133
167,70
141,114
140,153
153,133
169,76
156,91
143,78
199,148
145,153
160,154
185,135
173,79
180,53
192,141
161,83
145,105
165,157
170,52
155,90
171,89
176,138
177,121
155,154
155,128
156,85
180,53
154,155
149,75
157,121
163,124
186,150
148,109
155,128
186,140
143,77
197,152
170,58
157,72
184,69
171,94
150,122
195,121
181,87
175,110
197,107
194,140
190,155
183,58
164,113
147,136
186,95
152,58
170,158
179,132
150,50
169,106
162,101
147,66
196,130
181,64
185,69
198,101
161,57
177,65
150,83
181,107
159,87
165,151
155,150
143,63
184,73
192,56
183,67
158,114
155,81
196,94
183,91
180,52
176,89
189,94
188,98
184,142
182,119
193,142
190,55
185,57
171,152
198,155
177,95
187,147
162,153
190,109
175,115
193,64
163,98
189,60
199,53
184,63
176,108
199,51
176,156
168,146
151,66
173,151
195,99
184,74
149,63
152,93
194,125
165,129
191,133
146,151
185,69
177,144
175,112
158,80
192,54
171,137
182,52
188,131
190,121
148,76
184,67
174,144
149,160
190,61
169,121
162,77
181,97
175,81
185,107
151,143
153,59
143,125
184,107
145,100
180,88
156,157
187,84
143,71
165,124
146,90
144,107
168,55
188,131
144,113
140,127
150,68
154,110
192,154
164,52
166,82
185,74
147,53
194,120
142,58
145,116
149,75
176,65
167,108
144,76
148,81
142,144
175,149
143,58
199,151
174,63
160,140
159,110
188,155
180,51
163,51
167,150
196,103
147,119
192,110
162,158
150,86
193,122
155,90
153,105
183,105
190,127
164,104
196,53
153,58
165,155
153,152
178,93
199,52
147,99
186,123
148,58
197,67
173,160
172,103
151,55
165,94
178,133
188,52
184,63
140,51
148,56
143,153
141,53
163,73
199,100
179,74
173,100
145,140
152,125
193,123
175,136
144,102
167,119
183,102
170,82
143,82
188,55
143,105
170,56
164,138
150,99
168,128
193,94
144,83
170,159
183,140
195,88
189,130
194,136
180,127
146,120
168,75
188,76
149,81
187,95
160,67
158,54
140,120
177,62
160,106
170,51
140,105
140,67
170,96
142,130
167,116
152,139
144,78
169,138
186,65
154,67
176,98
177,56
176,90
192,89
174,100
196,84
158,134
167,69
185,104
189,51
177,50
194,50
151,79
156,58
161,148
163,121
146,86
192,67
179,58
160,148
176,89
172,120
154,116
154,140
169,155
160,66
147,73
141,124
159,96
196,92
173,102
178,59
160,123
140,130
142,120
183,60
188,145
183,61
166,59
143,110
174,136
157,87
186,145
140,100
141,76
173,50
172,93
171,152
179,77
173,154
190,159
172,69
157,160
154,110
176,101
183,71
144,160
155,134
149,95
167,159
178,144
197,50
156,148
180,55
167,84
166,138
176,127
197,104
186,89
184,104
181,90
171,154
157,119
145,127
155,96
196,68
172,76
173,92
153,127
157,64
158,89
164,53
157,130
174,54
161,133
147,70
169,95
193,144
175,77
167,75
177,51
193,50
183,130
148,117
195,50
159,129
156,137
156,51
177,53
148,106
191,155
147,123
196,153
164,120
170,153
177,111
181,105
156,119
189,137
185,116
168,62
152,82
186,105
143,68
149,119
177,145
164,95
181,105
151,122
168,160
140,157
158,96
192,134
163,72
145,105
171,148
154,151
154,88
148,87
176,72
140,157
173,83
182,141
192,143
145,59
177,122
177,59
172,124
150,106
162,100
155,103
155,158
144,75
164,160
160,60
150,120
187,54
165,134
193,85
197,54
171,86
152,95
153,94
182,73
152,97
182,53
180,126
161,148
189,66
149,73
162,52
198,61
186,157
170,52
154,70
154,76
172,113
171,54
158,112
169,118
189,82
167,83
167,111
148,146
147,156
144,60
189,83
187,74
144,65
166,58
176,57
185,69
170,158
199,106
158,70
153,68
180,107
186,62
143,114
184,51
155,124
148,107
194,102
170,69
198,69
173,93
151,133
143,147
152,121
175,138
164,160
158,86
198,141
190,67
141,77
152,118
166,116
159,143
171,118
174,115
164,99
156,103
164,139
182,111
168,73
144,112
169,139
152,106
187,62
153,70
155,80
152,101
156,124
166,143
157,66
183,80
154,107
161,101
146,117
143,154
158,131
163,94
142,51
190,104
162,114
182,112
165,54
164,144
158,60
174,144
157,157
166,58
170,109
172,114
159,77
142,72
152,57
190,129
188,146
153,160
147,148
184,90
154,146
145,108
198,108
149,102
194,142
149,137
154,107
147,107
140,54
153,94
197,100
148,102
162,85
173,123
153,143
149,157
150,135
179,139
180,69
180,83
186,75
185,89
177,66
150,151
175,57
147,144
146,105
150,59
170,132
199,103
184,137
156,87
146,105
192,115
193,132
181,144
142,83
195,116
196,111
189,68
186,52
159,157
199,54
159,55
176,57
172,54
188,77
175,83
154,143
159,159
185,68
162,130
174,144
196,62
187,52
179,94
153,83
194,74
179,129
143,107
144,99
155,90
176,99
174,98
193,153
199,76
178,140
142,138
196,50
193,86
171,112
166,57
165,69
150,160
162,113
161,123
188,89
199,63
199,89
154,140
190,57
149,64
156,152
196,64
171,62
189,126
188,123
178,122
157,124
191,118
198,54
183,52
176,136
152,53
196,106
176,108
170,96
174,66
188,160
160,82
164,108
154,50
154,122
192,131
174,101
171,114
154,128
141,149
153,79
159,153
172,136
140,94
194,59
190,159
144,81
195,155
171,54
156,87
166,52
188,138
159,113
155,83
165,103
170,72
178,66
164,70
157,56
149,141
143,157
152,57
172,57
188,136
190,144
195,150
154,106
170,117
173,121
180,142
145,84
152,95
177,108
192,51
144,70
152,67
147,92
157,63
192,124
181,160
182,83
170,96
158,95
150,119
167,136
145,119
164,70
146,145
145,70
188,84
173,102
141,112
192,118
140,66
158,78
151,51
158,106
193,114
144,77
199,144
198,132
159,126
146,98
144,99
179,73
154,100
193,123
146,112
178,87
189,145
146,57
162,112
140,135
166,68
145,62
167,94
199,75
160,52
178,56
141,110
196,130
148,96
183,77
148,148
164,72
166,104
193,111
178,104
145,54
194,143
184,143
182,158
154,70
159,94
163,53
162,140
158,123
193,119
171,131
176,80
156,123
161,69
143,91
142,81
159,137
186,70
162,94
157,117
179,148
198,92
176,138
149,79
145,151
199,124
183,87
174,86
174,102
142,125
196,97
157,56
199,115
197,99
196,138
159,60
196,131
144,74
145,118
199,109
156,94
176,122
177,102
141,147
183,137
190,61
191,136
146,143
140,89
158,144
158,50
143,70
162,132
156,143
173,82
151,58
145,78
147,114
170,105
185,60
198,145
172,90
159,140
160,105
182,108
177,54
149,51
175,106
146,151
155,89
171,62
160,103
182,59
161,100
147,114
161,143
194,101
158,142
171,128
188,116
193,52
143,154
156,78
157,75
161,160
142,64
180,138
152,119
148,152
173,146
146,81
175,149
165,115
190,146
160,81
178,98
183,131
155,80
178,142
165,118
164,130
191,106
184,96
195,110
180,147
181,155
194,154
167,93
191,137
144,56
184,120
152,67
162,143
167,67
149,120
199,91
148,74
177,67
190,53
160,82
189,148
151,115
182,72
158,114
196,107
187,62
172,83
146,96
160,93
170,70
191,84
193,96
193,119
160,82
189,119
148,142
185,82
160,64
163,141
140,126
153,64
165,85
192,142
169,134
170,62
157,102
193,149
169,157
189,154
192,160
166,97
187,61
148,54
184,51
155,125
149,153
185,147
191,120
173,140
193,69
143,95
144,100
190,103
151,119
143,71
152,149
153,75
149,106
167,151
198,132
189,81
197,111
170,71
149,153
157,61
198,148
152,89
194,73
156,137
165,68
142,124
156,99
152,101
148,144
147,110
161,57
171,133
183,130
143,137
158,123
194,76
178,133
149,146
170,102
168,84
197,62
168,65
195,154
168,119
180,85
169,143
179,117
184,64
189,146
195,81
152,123
181,76
174,156
156,146
142,110
163,114
181,81
180,151
181,132
191,64
153,54
163,109
151,55
146,71
188,95
187,118
162,89
145,52
153,81
198,54
142,73
150,98
181,74
156,118
152,159
199,158
195,106
168,56
192,92
190,112
147,138
177,114
142,52
155,93
188,123
160,63
183,85
165,70
160,83
173,52
165,121
140,151
187,78
180,91
160,100
161,74
169,118
196,153
190,70
150,56
165,127
153,140
167,100
182,125
172,55
162,114
144,122
152,144
160,152
196,145
169,70
143,141
153,87
182,71
199,156
159,132
148,106
185,94
170,89
196,140
185,141
142,84
166,108
140,101
142,152
157,134
191,138
181,160
168,106
183,153
142,110
151,116
160,91
145,68
169,144
152,107
172,109
175,134
146,105
161,61
160,82
159,92
185,81
165,135
189,156
189,50
188,135
191,59
140,127
174,71
181,103
170,153
143,57
172,135
181,96
184,73
174,131
183,146
152,111
192,146
179,93
157,158
157,108
174,113
180,145
154,51
199,87
182,84
185,73
168,81
183,114
181,120
196,66
144,65
166,142
186,157
182,77
163,144
160,58
189,65
144,115
156,87
144,122
174,52
167,93
185,109
161,86
145,96
149,53
180,121
147,105
185,72
198,67
175,127
148,145
159,81
196,67
142,73
144,121
174,117
185,119
160,126
174,151
172,87
194,94
180,102
155,149
181,130
142,63
182,157
143,139
196,58
158,83
195,93
143,97
164,86
171,83
161,56
144,104
166,125
142,61
161,117
147,121
173,105
187,68
150,156
162,61
149,142
152,90
163,92
184,66
166,52
159,131
178,78
145,84
180,92
175,111
155,77
166,112
149,88
168,133
184,97
159,92
140,103
150,93
162,92
170,116
150,103
187,92
152,70
165,142
150,153
171,50
199,50
140,59
180,51
199,72
146,133
183,67
167,124
154,77
174,102
140,65
166,70
165,152
149,125
153,148
167,138
175,58
191,107
184,112
151,91
140,154
172,154
154,74
144,79
199,62
196,61
183,98
196,145
140,81
140,92
174,128
180,70
190,142
156,66
141,150
156,75
195,148
153,85
180,76
176,65
195,141
177,111
192,87
161,54
170,67
149,104
195,139
180,78
190,102
149,128
169,73
186,105
185,85
151,56
193,75
154,58
141,111
147,52
195,93
198,120
163,97
149,140
165,133
195,127
157,107
197,67
178,139
198,152
141,57
142,79
178,95
154,74
198,144
171,158
181,88
199,141
143,120
141,77
159,145
164,75
156,121
140,129
150,94
155,152
163,70
170,149
147,154
151,59
199,109
154,149
145,151
173,79
165,84
148,63
173,116
198,88
141,127
164,90
179,109
183,115
142,97
191,110
193,137
168,80
142,60
191,85
140,124
174,112
166,70
164,89
180,70
163,133
153,120
151,90
160,70
196,119
174,134
186,129
142,64
151,65
185,137
179,105
153,109
175,70
178,139
173,122
168,127
197,149
182,105
165,118
165,138
178,138
195,54
154,53
150,75
176,105
152,67
191,129
179,146
180,83
141,80
151,82
166,139
158,63
169,133
195,59
190,73
163,86
197,150
189,71
158,125
186,52
166,88
187,93
180,139
177,117
186,109
176,128
169,142
160,89
154,82
150,145
165,96
146,115
195,96
182,131
188,150
163,82
184,82
179,110
157,52
189,78
148,159
143,122
150,109
150,84
194,70
169,116
165,55
181,66
183,143
143,147
166,84
163,73
154,152
168,120
187,105
158,113
146,74
181,70
150,112
199,115
152,69
181,134
190,156
159,110
173,68
148,106
152,67
140,59
151,64
153,156
188,135
156,134
193,99
140,123
171,127
155,87
163,84
190,134
160,136
161,149
175,101
148,99
198,122
167,111
165,109
142,116
140,146
189,67
175,144
179,149
198,74
156,141
176,109
141,149
173,57
157,137
148,74
183,101
192,78
177,156
141,62
182,80
193,84
171,65
183,131
155,63
142,115
199,77
197,58
164,126
148,148
147,121
155,101
170,109
192,88
162,119
158,53
166,132
196,69
168,70
198,137
184,106
183,112
166,117
179,67
180,78
160,142
168,153
160,54
170,104
163,133
166,73
154,119
185,113
196,152
172,78
191,53
185,151
184,131
187,134
157,66
197,90
187,152
194,151
193,123
198,142
194,152
188,100
176,143
170,82
196,90
161,117
152,139
189,154
198,68
180,70
152,159
150,135
157,73
158,136
160,151
163,140
186,87
186,152
143,69
154,69
175,137
180,151
142,62
147,121
178,66
158,55
150,88
155,92
148,151
175,73
163,132
162,155
183,67
184,52
154,76
155,106
192,51
170,147
161,67
176,62
162,59
145,111
189,74
197,144
167,136
197,61
166,155
176,70
184,159
197,116
173,118
182,106
188,136
187,73
143,122
159,151
158,88
172,68
194,160
194,151
186,89
174,65
148,115
141,119
199,100
170,62
153,151
177,107
151,105
197,64
152,60
145,87
159,155
199,97
151,135
165,131
151,119
188,80
173,120
191,76
142,150
197,80
192,106
157,122
191,138
143,146
188,59
194,137
145,154
177,130
150,114
154,65
176,146
160,103
198,101
180,107
191,86
182,105
186,74
152,141
187,52
143,149
149,50
178,128
150,143
169,112
176,108
146,81
141,130
141,62
198,97
193,73
185,119
165,106
176,59
156,75
196,120
186,63
192,113
194,130
191,79
164,73
177,107
195,109
148,91
185,57
176,108
145,92
163,147
153,139
191,74
193,70
199,107
175,90
191,140
144,61
188,74
175,157
162,125
196,156
149,139
159,62
145,134
187,157
182,53
161,147
165,151
171,138
185,111
190,113
145,153
143,113
173,145
154,97
170,112
148,153
162,148
175,131
160,57
199,117
162,119
171,68
148,97
145,108
147,96
186,146
182,56
163,64
153,58
143,126
147,157
165,132
174,127
151,144
181,146
165,92
156,93
199,70
182,65
172,111
197,94
176,68
143,67
160,146
175,156
160,156
168,84
165,121
183,152
169,83
167,83
161,130
172,155
189,144
157,129
148,154
164,115
194,138
144,70
158,152
142,121
170,69
184,52
197,65
178,144
179,80
185,85
197,157
150,124
189,118
183,59
181,97
173,86
193,113
154,69
196,57
187,156
194,152
166,112
187,127
193,71
148,159
179,136
188,52
179,120
170,128
172,56
148,160
175,87
158,115
164,105
190,126
145,144
180,155
161,80
153,74
165,107
158,144
170,146
158,111
187,75
146,149
141,106
186,90
179,87
153,62
146,152
151,123
194,122
158,60
147,63
185,92
177,117
198,135
141,128
157,100
191,106
197,115
192,71
190,55
174,118
154,62
187,99
141,155
149,89
156,107
161,87
182,60
186,58
163,111
192,123
156,156
189,113
156,80
154,130
149,141
198,114
194,92
152,59
189,77
190,131
185,78
161,103
191,147
173,67
194,58
174,77
162,116
170,112
142,80
160,75
198,132
154,54
148,51
199,109
146,148
143,93
177,55
182,88
183,66
188,64
150,53
156,152
166,103
175,78
184,99
141,82
184,104
141,91
173,155
184,61
143,113
198,74
170,152
150,87
185,114
150,160
187,71
199,122
151,154
186,108
175,111
174,62
150,89
165,125
187,53
182,100
175,139
150,149
156,109
163,54
176,146
193,78
145,95
140,118
162,106
170,57
147,151
174,65
195,128
154,109
152,100
168,59
145,146
191,72
169,125
168,132
149,109
184,148
178,148
152,136
174,153
171,155
166,140
170,67
187,89
191,83
183,119
168,70
171,152
187,117
189,90
188,128
182,156
157,63
183,56
193,115
179,100
152,91
179,151
184,110
189,67
169,103
145,89
141,159
173,140
147,67
188,67
194,130
152,66
174,89
175,143
166,151
146,153
177,119
164,147
190,100
165,155
148,75
193,79
142,78
140,159
194,141
190,120
151,77
163,132
194,71
196,149
170,147
172,85
153,146
166,85
170,137
169,156
194,84
165,125
161,74
149,82
154,73
175,76
159,141
198,98
175,147
142,85
178,92
151,108
156,84
150,61
195,100
183,120
163,132
176,61
140,117
145,97
195,110
165,126
195,117
168,140
198,102
168,122
175,63
161,122
197,124
155,83
158,148
176,110
145,51
149,62
148,71
150,55
182,102
177,56
158,115
162,100
165,152
175,135
179,56
177,61
182,125
177,61
196,103
198,150
191,53
197,132
149,50
142,64
145,71
187,147
178,143
196,136
166,116
179,52
154,106
195,108
195,77
199,120
176,100
196,67
154,65
176,56
179,148
191,144
160,64
164,120
150,154
196,133
182,54
190,94
143,154
198,65
165,88
181,80
182,99
183,52
156,159
192,148
147,105
182,100
155,120
184,112
169,93
186,54
173,156
155,113
149,91
186,75
145,156
161,131
184,88
199,126
168,134
176,120
153,54
196,91
165,120
185,122
188,83
196,50
154,148
179,146
198,110
144,153
192,79
143,145
197,100
196,63
142,123
163,119
166,51
148,135
164,83
142,117
152,74
172,95
172,55
161,157
166,101
140,52
149,141
141,96
197,58
153,78
168,147
161,113
190,102
164,85
172,125
144,72
166,77
150,112
159,141
167,88
184,78
168,118
151,145
177,119
189,86
192,112
188,122
165,153
167,88
181,65
185,62
186,139
175,133
169,117
175,96
190,97
184,83
174,148
192,134
149,52
183,155
152,58
148,79
154,156
195,56
146,137
170,96
150,69
166,89
159,111
162,68
194,135
147,154
182,52
169,144
169,51
155,78
192,147
184,68
155,59
167,92
169,59
184,97
141,97
145,63
173,74
194,130
162,77
164,64
144,138
175,60
183,113
163,98
171,137
148,83
155,88
152,107
161,54
161,77
165,148
192,142
190,145
195,116
176,141
173,142
176,117
156,63
164,71
159,158
182,93
140,99
160,77
145,52
184,81
145,66
151,97
173,73
183,54
162,57
190,60
187,101
193,61
185,122
161,130
143,105
152,116
195,113
147,158
194,72
166,144
177,150
193,118
151,119
165,65
182,136
192,145
184,102
153,93
143,118
141,154
173,152
142,124
161,81
162,84
195,101
167,53
191,139
165,100
168,103
177,113
184,131
199,136
178,118
195,138
179,148
180,127
145,104
196,51
187,121
199,85
152,147
154,105
154,111
157,120
179,139
147,153
153,85
163,142
161,76
140,140
146,106
144,72
170,135
186,111
183,82
198,139
194,155
181,92
198,66
149,50
190,63
143,89
185,117
162,156
173,102
186,155
183,56
187,137
172,160
155,51
192,157
175,52
152,142
180,133
197,78
150,71
170,72
172,125
162,89
158,149
158,119
177,111
199,70
162,93
144,59
168,107
192,111
156,103
193,97
184,102
140,97
198,83
145,101
164,88
178,85
158,152
171,63
168,86
149,53
177,95
193,148
198,62
153,89
151,103
162,115
198,92
178,101
168,137
142,57
160,156
162,102
173,129
141,158
178,91
170,97
169,115
187,77
146,127
160,104
144,98
151,158
179,52
182,141
188,154
173,114
154,98
147,121
188,146
181,149
195,93
147,122
166,118
153,155
161,121
197,74
180,56
171,96
194,88
194,54
143,116
151,53
156,111
148,69
155,55
187,71
165,90
187,96
148,109
160,160
191,117
162,152
180,158
144,144
188,87
150,94
182,155
174,91
182,119
167,111
178,145
194,111
183,130
169,125
166,157
152,132
154,144
195,88
187,158
161,136
157,60
164,128
195,129
157,111
176,85
168,80
195,83
199,114
163,113
152,103
175,143
167,131
170,92
169,94
180,121
166,144
156,70
143,100
158,99
175,70
187,81
151,137
165,156
157,51
194,69
167,53
191,158
191,111
152,97
154,58
180,77
166,123
144,106
163,57
185,68
192,134
198,124
194,82
150,147
166,156
163,155
186,114
196,76
171,123
187,127
181,80
172,67
176,146
192,126
181,100
178,158
193,89
179,135
185,98
185,119
154,129
199,106
170,58
197,128
183,66
151,95
162,113
162,102
165,120
180,72
186,152
190,139
163,118
179,89
184,116
168,121
185,92
193,139
170,136
152,102
159,145
183,90
155,71
162,70
144,145
153,69
193,139
161,127
187,83
154,115
182,119
172,140
147,73
148,70
173,74
176,97
191,155
192,71
174,56
165,153
165,145
149,155
181,157
191,75
168,159
177,136
161,113
187,73
163,69
192,65
186,102
170,137
182,115
158,140
172,95
147,51
161,92
146,92
164,118
198,103
167,53
196,65
185,86
173,149
190,118
169,139
166,104
179,156
164,55
146,112
190,74
162,142
140,57
148,104
175,133
193,147
140,96
141,82
140,107
156,130
149,140
187,87
180,65
198,115
152,133
183,160
155,150
172,86
198,136
186,156
174,69
172,53
141,124
173,108
162,140
178,78
160,102
192,156
193,120
167,143
189,146
171,87
165,155
167,81
178,121
160,51
160,95
167,145
191,144
168,69
163,128
159,125
151,94
166,121
165,65
170,146
192,91
164,58
176,57
166,135
197,153
154,77
189,65
195,147
192,128
152,114
196,141
165,89
164,57
165,155
166,83
181,138
154,73
160,112
196,154
140,71
174,62
189,91
199,70
146,158
185,86
145,76
165,60
182,104
147,86
151,122
191,136
181,150
141,68
167,142
161,131
145,99
161,160
196,65
146,144
186,84
144,106
174,90
169,158
153,135
165,129
192,132
162,101
145,115
188,152
147,106
183,139
160,54
187,128
167,123
163,145
185,90
198,136
142,138
160,82
173,121
141,54
191,95
140,61
188,92
166,59
188,116
170,63
171,72
186,153
177,114
164,152
171,80
140,152
147,108
186,62
172,141
192,159
147,78
172,117
168,157
145,51
190,160
165,110
143,87
194,121
179,55
148,56
194,147
159,131
149,88
167,85
140,110
170,154
186,126
180,111
192,63
150,148
194,98
182,105
195,122
151,118
148,59
140,65
166,117
179,151
182,142
180,91
143,104
167,77
177,95
179,118
165,76
167,105
150,79
181,111
158,98
169,67
186,119
175,128
180,115
155,97
167,71
161,134
184,90
197,66
191,90
172,81
146,64
177,87
165,53
173,141
168,76
143,133
157,75
162,97
148,160
146,136
173,66
172,78
196,122
169,82
187,108
189,54
183,61
188,83
194,108
190,126
142,131
199,98
146,91
197,149
197,126
163,152
173,140
164,96
195,111
146,125
141,149
171,82
167,146
182,148
159,126
192,122
160,115
187,60
196,69
186,60
140,154
173,136
183,95
188,115
182,55
149,78
157,156
152,109
192,117
176,55
165,72
165,131
173,69
142,75
158,156
187,147
198,149
159,69
199,116
151,80
172,108
157,118
172,53
143,148
166,67
149,80
165,155
198,140
166,54
171,98
177,63
163,66
155,67
163,87
143,100
174,53
180,71
160,56
145,130
196,158
154,78
183,140
173,116
185,91
176,157
155,118
170,100
187,89
178,149
159,51
171,89
178,80
161,109
185,99
152,53
155,53
180,154
165,78
146,146
198,120
148,58
154,54
169,124
164,117
175,83
186,108
177,151
164,137
145,130
165,82
177,91
187,133
152,83
180,93
168,87
193,87
171,103
148,98
174,84
158,113
173,56
190,138
163,132
177,137
162,72
185,83
186,66
174,130
165,51
177,125
194,68
177,129
176,133
157,84
190,63
161,159
149,95
192,119
183,112
196,77
146,92
160,108
172,123
188,57
161,109
149,149
142,95
161,145
197,71
153,62
186,67
196,65
189,154
144,95
194,106
181,65
158,154
165,110
160,114
157,77
146,70
146,150
186,68
152,126
195,69
175,57
157,102
166,79
169,117
160,110
172,58
173,85
159,75
184,123
192,77
191,60
149,149
183,135
142,81
184,119
162,96
171,124
184,91
154,131
141,132
143,121
191,107
149,145
151,132
187,110
169,157
145,143
178,128
141,68
194,151
195,123
170,80
173,121
151,150
185,135
189,144
150,111
185,58
180,67
194,57
162,71
161,61
195,158
159,132
143,139
168,71
161,105
163,131
168,119
192,125
176,55
195,152
158,139
156,115
163,119
156,88
186,112
161,112
168,62
154,72
154,139
143,75
170,61
196,81
187,127
172,110
199,112
176,55
146,73
184,96
162,145
188,123
184,84
197,53
149,78
162,133
141,153
146,78
185,120
180,157
151,56
168,79
179,145
153,82
183,63
160,134
187,120
182,128
190,117
152,139
140,96
197,139
197,141
178,59
145,73
161,86
190,145
195,119
179,94
181,112
170,89
162,56
158,90
192,147
175,69
189,119
161,113
171,96
185,120
142,135
192,54
173,121
167,105
194,112
180,73
190,133
150,146
175,136
175,92
154,141
175,86
173,134
171,86
196,92
143,154
155,92
196,91
187,156
148,105
191,158
165,75
164,149
150,118
155,87
160,90
173,57
188,71
146,116
162,67
157,65
160,85
141,135
183,133
185,114
144,140
178,67
178,100
148,98
187,91
154,140
157,80
187,140
172,159
165,153
157,129
163,113
198,74
168,159
166,156
144,71
199,91
153,56
152,136
156,86
185,118
142,75
188,56
166,135
186,59
191,149
169,74
163,55
196,50
190,128
196,153
177,88
158,85
196,68
143,112
158,71
192,147
185,160
145,79
176,160
160,148
194,137
164,157
164,84
183,97
188,59
170,122
185,68
193,155
184,68
151,134
197,142
178,145
144,100
160,50
178,153
179,96
153,96
179,120
158,59
171,109
154,78
149,55
161,85
180,139
156,56
156,139
187,96
186,113
181,97
140,134
156,108
153,53
147,89
158,119
179,133
174,60
198,67
154,138
173,115
163,122
141,63
148,132
199,158
183,153
198,56
171,106
184,123
152,60
142,102
191,71
170,106
146,79
157,118
166,127
157,128
181,66
157,120
199,64
162,108
155,152
192,145
176,63
155,105
176,109
188,50
170,112
190,56
164,142
164,71
165,118
162,90
174,159
162,100
172,155
163,128
191,143
150,67
142,57
146,107
170,77
141,72
169,86
145,70
175,146
151,123
140,125
140,81
152,103
197,67
164,60
180,66
168,129
161,93
159,108
185,83
199,89
140,63
168,114
196,81
160,125
173,69
192,119
172,156
187,82
187,154
193,154
164,128
143,99
141,144
151,142
154,61
184,150
144,133
149,57
165,55
146,84
168,153
193,135
167,139
188,130
146,56
178,160
174,75
193,150
192,140
166,103
178,141
149,91
178,138
169,67
143,133
196,113
151,82
192,120
155,109
153,83
148,112
159,138
146,144
174,117
175,53
191,112
179,98
182,57
157,111
179,157
153,121
140,106
190,108
162,90
158,116
178,125
198,154
167,93
168,122
155,87
195,104
150,132
198,88
190,66
191,140
181,76
158,123
199,91
170,105
197,114
176,140
195,79
156,81
143,66
192,131
172,80
194,58
169,156
156,122
175,84
162,112
164,66
168,104
187,157
173,59
183,125
180,53
170,63
143,119
155,96
165,120
159,116
157,138
161,106
188,154
153,63
196,78
158,149
174,114
194,71
187,56
186,113
190,60
140,106
140,134
144,157
161,154
157,62
197,127
178,113
163,68
190,89
161,153
141,96
160,50
150,138
188,157
172,116
193,104
184,58
142,93
152,156
146,140
160,117
185,75
171,101
187,123
153,96
193,135
164,116
164,123
182,134
146,127
150,81
187,102
186,59
151,118
149,97
188,120
193,141
140,104
141,58
162,61
187,129
173,109
180,127
144,145
152,51
164,151
143,117
156,113
152,141
147,63
142,63
170,117
155,82
178,153
199,86
180,116
184,92
142,56
170,104
199,114
187,52
179,148
142,155
175,75
180,95
186,50
194,106
144,86
168,80
181,151
199,130
173,103
177,119
143,79
189,132
199,133
174,77
197,91
163,64
187,151
172,150
190,95
145,152
167,149
187,150
160,147
156,142
149,105
158,102
148,62
145,104
192,158
177,150
197,68
171,147
176,126
143,112
150,89
170,85
160,131
162,138
186,85
184,68
194,55
176,109
193,97
186,86
143,141
184,130
151,62
199,121
154,60
180,94
187,113
177,70
144,84
140,141
185,52
188,94
196,152
199,104
168,112
174,120
199,132
152,78
141,145
159,85
153,69
159,83
149,101
195,150
158,108
186,141
162,130
146,109
197,124
149,124
189,73
187,120
143,102
156,108
172,89
153,133
184,138
175,84
159,141
172,158
182,54
194,138
166,157
185,138
190,151
159,93
191,88
198,57
172,147
141,128
155,79
164,106
142,138
196,139
157,97
148,94
142,152
180,125
164,127
156,111
154,104
158,62
142,140
160,143
170,147
161,113
180,75
171,153
195,65
191,95
189,61
159,132
143,108
140,104
194,79
190,63
177,136
150,77
158,93
167,127
169,71
180,134
191,141
167,103
156,93
176,81
189,117
157,107
160,117
142,134
153,60
187,125
178,82
164,56
142,59
176,150
183,146
183,84
158,94
150,145
194,143
170,117
160,134
177,60
181,109
152,101
174,155
170,96
151,128
176,85
140,157
187,66
175,60
198,60
193,114
179,86
193,120
174,86
158,138
162,133
174,74
187,82
183,137
174,99
194,114
167,152
157,76
197,153
171,121
168,153
190,102
196,111
188,140
190,93
175,83
167,88
140,60
155,60
157,115
191,72
157,111
181,153
148,149
191,133
162,110
194,159
163,80
173,102
176,79
170,128
173,83
143,98
153,125
184,150
168,57
165,146
174,129
144,127
175,50
188,95
157,158
185,64
187,108
198,155
192,146
166,109
198,145
180,65
164,116
177,100
162,53
179,58
184,81
146,62
165,64
168,145
172,68
198,83
163,80
162,145
142,103
154,152
151,160
194,79
158,91
177,108
179,91
195,100
153,79
193,68
164,108
187,87
149,115
181,100
168,128
179,126
174,93
149,155
154,141
171,141
152,110
140,129
162,160
162,86
166,107
166,86
171,108
167,104
192,134
160,146
170,68
198,144
142,86
159,128
149,65
145,120
173,66
146,95
187,88
181,114
144,123
150,125
146,142
172,151
188,102
184,59
149,160
142,92
187,118
182,137
153,88
162,51
164,142
181,107
175,142
170,118
142,124
197,126
172,123
163,118
164,100
146,83
182,86
146,160
177,125
162,98
167,130
153,117
152,132
166,146
156,137
157,111
199,89
155,111
165,55
178,60
187,130
175,67
171,111
180,63
162,60
170,147
154,123
153,94
169,71
175,155
150,112
185,61
195,118
156,57
181,72
152,150
151,79
142,58
191,132
168,142
164,64
155,153
145,60
184,93
158,62
168,130
183,159
190,141
165,51
190,55
147,82
189,92
177,95
162,122
172,112
145,64
159,138
153,75
156,129
150,116
185,94
199,118
167,115
169,104
197,129
187,72
168,142
177,96
190,119
186,57
157,148
149,158
146,89
188,110
141,74
149,114
175,84
160,62
179,156
193,98
153,117
183,66
178,67
169,155
151,102
155,90
148,120
156,116
174,118
148,128
181,78
171,123
171,64
177,130
184,85
190,123
168,74
187,53
177,116
140,84
190,53
175,155
188,103
160,58
181,93
164,121
145,96
166,159
165,99
151,89
143,60
171,104
151,127
193,148
167,96
140,93
159,86
194,51
166,101
175,78
145,133
141,126
177,114
180,113
176,143
148,55
157,96
179,104
197,72
195,88
176,144
145,144
174,135
199,83
148,108
179,136
146,82
168,95
156,51
148,81
164,109
167,153
186,92
155,63
179,117
149,98
162,61
198,84
196,136
167,98
143,142
159,113
155,59
162,104
146,111
173,114
177,90
187,154
180,85
151,150
147,135
164,159
154,55
191,139
152,145
178,155
165,101
146,127
157,115
178,53
186,60
154,92
171,143
142,107
175,59
164,66
179,140
187,157
171,155
165,63
152,128
175,142
152,137
148,159
144,71
187,160
164,78
142,77
152,145
169,139
171,116
188,134
148,66
181,136
173,143
190,88
157,77
182,131
163,97
142,61
147,151
188,118
166,148
151,83
196,90
177,85
187,83
146,109
157,54
169,113
167,89
174,89
173,56
159,154
156,76
179,106
161,111
183,149
191,160
150,136
182,114
187,75
179,86
167,54
182,73
192,157
176,87
185,107
143,142
183,132
151,126
178,142
147,62
186,152
177,106
140,151
163,137
158,69
173,50
162,81
191,140
153,103
148,118
189,58
193,140
196,111
190,76
172,95
178,114
162,51
163,99
199,152
147,54
181,105
148,69
182,140
166,86
179,149
170,145
143,150
167,69
140,136
148,101
148,89
179,114
149,107
175,85
145,57
185,137
196,82
195,67
174,97
169,51
178,126
164,145
147,69
191,77
192,158
184,53
168,64
166,60
190,91
152,63
181,67
196,65
170,137
168,147
164,150
194,134
186,59
143,110
150,145
188,130
197,92
175,79
194,115
159,130
143,113
152,112
147,129
147,54
185,118
163,72
192,160
157,76
148,117
179,66
159,151
140,128
183,86
189,151
145,55
174,131
142,144
166,85
180,146
156,129
145,133
176,135
185,71
154,148
148,56
162,153
144,131
174,128
154,69
140,94
146,104
198,153
190,98
193,123
149,83
197,57
194,93
182,93
177,89
188,131
178,126
140,55
178,85
153,124
197,110
149,134
197,63
148,88
158,156
190,75
184,101
189,132
181,140
184,125
174,103
175,96
177,109
148,128
143,129
158,57
196,112
192,122
160,66
150,152
198,115
158,77
194,124
178,59
150,100
180,129
196,103
165,106
172,112
190,159
142,94
174,100
181,141
142,67
189,60
169,132
150,70
181,87
154,150
184,101
178,128
157,81
188,93
158,129
180,96
174,115
187,76
193,76
188,95
154,90
146,65
192,64
199,121
197,104
157,72
156,148
170,133
163,140
147,122
144,62
172,115
172,107
155,143
164,149
187,125
196,136
157,133
166,122
141,95
155,60
160,92
147,114
191,68
163,136
147,151
183,132
145,60
157,108
171,93
188,151
152,104
148,54
152,156
144,133
146,64
155,125
152,68
180,160
172,136
172,120
169,65
155,50
152,155
169,119
171,131
194,77
182,78
152,138
179,151
152,118
171,55
151,91
182,57
193,64
164,69
187,101
173,114
148,76
170,133
178,139
150,65
155,57
195,142
170,104
191,89
152,144
198,80
146,160
194,156
184,51
163,148
143,132
196,90
197,81
162,108
182,146
156,76
140,122
140,65
193,74
169,51
168,55
140,68
154,86
192,75
199,160
156,142
181,76
141,104
173,105
157,143
168,144
199,120
189,96
163,56
187,140
190,99
170,111
190,59
164,156
153,109
163,83
152,121
165,53
148,99
169,82
158,157
151,113
143,122
185,96
196,53
191,73
190,80
197,117
163,120
187,123
168,87
174,51
196,121
160,151
152,123
151,153
181,76
158,79
173,53
143,139
143,100
162,146
177,79
184,90
191,78
169,98
170,154
157,128
155,102
145,113
171,103
172,116
184,151
183,81
142,120
158,50
141,103
164,81
181,56
184,141
166,115
159,96
187,160
166,56
151,94
157,98
168,82
182,85
185,157
173,79
145,66
174,143
196,153
197,118
168,94
192,135
167,154
161,157
148,126
144,94
167,113
142,98
160,88
184,145
145,71
178,151
181,53
182,110
193,140
179,112
198,98
150,99
152,160
197,105
144,129
176,100
186,106
178,58
171,62
173,120
141,157
186,150
159,94
185,94
172,71
186,111
140,62
164,85
166,71
184,54
189,77
146,94
175,134
149,145
194,146
153,154
155,58
149,106
150,57
144,63
188,127
144,123
150,71
184,113
196,125
141,145
147,96
153,92
159,157
178,102
175,81
159,125
142,114
181,67
196,72
148,157
145,144
171,114
161,145
157,152
193,74
173,130
156,110
168,72
153,80
157,152
181,83
163,131
174,129
183,148
168,103
189,87
180,135
157,84
142,156
196,136
161,157
149,115
184,53
158,159
160,139
142,60
176,126
151,150
165,59
187,149
148,101
150,65
159,149
161,55
157,142
174,115
189,137
169,132
163,67
165,53
160,136
193,150
147,56
160,110
165,158
194,154
191,103
196,65
144,112
181,100
174,145
168,67
181,124
156,101
162,94
145,95
175,157
158,128
167,150
177,114
151,98
191,74
189,95
170,151
187,90
150,128
194,101
197,58
174,81
179,67
181,101
172,96
181,123
156,51
166,159
155,60
164,118
156,158
149,57
147,150
178,99
171,71
155,54
162,114
154,132
180,59
189,59
149,114
167,124
163,138
195,97
177,157
155,132
141,100
158,119
189,96
142,89
186,101
150,127
199,109
193,62
185,75
146,84
140,65
173,121
167,152
174,139
161,112
144,136
140,79
178,103
145,73
151,81
154,148
178,58
145,100
140,160
193,104
190,146
156,110
179,101
181,112
168,100
149,54
187,131
174,109
149,116
163,90
169,138
174,100
182,59
166,153
174,154
144,152
198,152
192,136
144,68
143,144
142,70
170,132
173,125
167,151
166,115
147,140
156,66
170,70
194,124
154,148
178,73
182,58
198,116
151,156
158,92
181,87
174,87
168,87
161,66
140,59
180,147
175,115
155,51
155,70
181,89
183,57
174,81
197,128
197,142
176,75
162,75
164,64
147,103
190,82
181,112
169,66
158,133
149,52
190,70
177,96
189,113
153,75
152,137
141,148
181,93
177,72
188,123
172,94
196,126
152,135
175,71
168,123
166,145
192,159
189,106
159,132
184,157
151,135
180,95
188,137
185,55
140,149
142,94
144,95
172,153
184,137
199,123
163,52
185,160
144,122
162,72
181,132
199,81
199,74
158,122
162,122
188,125
170,103
193,158
166,90
195,119
143,91
185,107
187,73
149,114
172,128
174,133
169,153
162,105
162,53
158,90
196,123
150,86
181,150
171,84
164,61
152,120
167,133
154,121
140,110
190,55
171,118
161,135
155,151
178,78
172,64
180,66
171,55
148,50
164,66
179,113
170,96
185,126
169,69
181,154
150,68
141,102
147,88
175,134
187,83
178,85
142,147
152,148
194,134
154,58
153,152
172,145
154,146
157,66
170,134
157,59
198,79
187,94
174,145
172,81
160,93
160,67
188,122
180,95
176,101
154,141
150,125
190,101
153,91
157,133
159,69
151,85
197,127
172,91
144,83
163,107
179,71
195,145
184,150
186,124
169,102
193,83
168,54
142,131
183,126
175,67
164,139
142,117
180,90
173,139
188,111
167,126
157,68
189,92
180,146
177,113
168,121
172,114
148,143
187,99
193,103
192,152
165,150
181,71
194,133
146,125
171,122
157,102
141,52
182,108
186,82
183,97
171,69
190,74
158,98
162,135
189,68
159,132
178,143
146,134
145,130
169,139
180,59
175,143
184,83
159,119
163,97
183,94
180,103
178,93
159,74
164,150
195,148
164,159
195,84
176,84
192,62
191,113
193,95
182,127
186,95
142,86
169,137
174,113
164,111
155,92
146,151
182,94
164,128
146,148
157,142
169,85
189,120
171,112
190,155
174,110
184,72
182,155
169,93
187,54
160,95
166,123
142,114
179,151
194,106
163,115
148,78
149,113
168,156
189,112
150,72
190,53
181,136
166,126
147,86
185,90
164,119
154,138
159,134
151,92
149,88
166,96
179,137
197,101
159,126
156,142
140,151
168,135
183,63
190,132
171,87
155,103
142,57
140,80
148,100
185,83
188,145
170,79
163,50
176,129
163,57
182,131
199,156
170,152
195,55
153,62
140,93
148,72
186,55
183,105
144,106
176,89
189,111
178,131
175,111
160,62
174,136
166,101
176,106
166,53
148,158
145,152
187,130
147,150
144,61
176,99
147,114
179,79
183,99
198,124
175,97
178,57
175,121
149,50
161,59
157,154
185,104
196,93
163,87
193,134
188,160
154,128
171,148
180,91
184,135
169,137
177,112
182,122
198,95
157,106
153,138
196,118
178,54
149,97
183,103
153,128
178,153
161,142
171,57
183,85
153,114
151,87
143,80
152,69
172,122
196,151
146,108
195,125
150,77
163,120
189,118
194,139
159,153
152,62
152,119
179,123
149,90
142,58
161,123
140,100
185,58
157,98
189,130
194,89
180,60
174,130
164,145
190,95
160,58
168,146
156,106
141,57
148,110
145,50
152,157
160,88
145,156
176,96
188,93
147,159
169,154
143,104
153,104
180,141
176,63
178,74
169,64
199,110
153,148
160,149
151,102
160,64
164,156
177,111
144,85
186,122
147,87
153,103
179,91
159,82
190,84
189,87
164,128
159,53
145,67
152,109
151,100
173,98
171,124
183,82
164,84
165,81
161,84
186,94
182,61
142,151
192,143
158,88
157,122
178,130
163,150
176,144
173,63
173,113
154,101
176,126
147,86
167,123
183,113
141,140
151,97
170,132
143,69
162,121
140,102
151,146
191,65
165,64
161,130
192,53
179,136
187,85
158,104
197,101
144,91
171,147
152,154
149,67
198,158
141,145
166,125
176,83
149,89
186,145
171,156
191,93
188,158
156,140
173,95
145,123
147,77
174,132
183,98
162,150
187,147
173,109
189,117
197,102
170,53
145,102
164,160
156,78
196,157
188,78
148,82
170,94
165,79
179,64
182,115
182,160
150,147
165,110
144,137
141,100
147,50
161,73
174,91
175,75
186,112
169,156
144,147
176,63
162,57
142,94
170,127
149,78
154,133
169,146
196,117
187,138
145,113
170,156
163,65
160,90
189,159
169,82
169,106
143,118
150,51
163,95
162,141
191,63
155,128
155,72
170,113
154,110
171,139
171,148
148,71
180,159
199,128
186,139
161,116
143,110
190,55
192,158
194,144
178,140
142,104
155,110
188,115
152,140
166,64
173,114
192,53
178,149
159,88
189,138
148,153
163,127
158,131
181,120
166,107
162,67
154,100
182,136
189,101
152,158
184,114
159,97
167,59
173,62
183,80
170,98
167,128
192,154
159,97
163,119
176,131
180,96
146,139
161,82
161,99
181,136
191,130
142,53
193,101
197,88
176,114
188,97
140,65
150,80
160,87
190,139
160,79
175,58
167,152
181,94
195,140
146,61
166,70
197,132
190,111
157,122
179,142
182,154
140,63
176,142
148,86
145,103
154,89
178,98
167,95
160,92
176,118
176,137
155,102
157,118
197,81
169,72
147,74
188,100
174,113
159,107
177,136
172,154
184,62
150,91
196,135
162,80
194,127
190,145
169,139
182,157
145,66
185,154
171,54
165,145
156,113
180,100
181,145
151,137
191,90
176,94
179,143
190,74
168,86
184,127
157,94
165,89
178,86
150,160
141,146
165,72
150,87
157,89
153,95
163,148
194,67
192,85
193,141
199,111
182,86
170,132
168,135
154,79
183,57
164,105
160,102
154,55
145,95
148,94
196,93
172,130
163,75
162,64
168,87
182,62
190,158
166,92
186,143
184,116
160,119
192,81
168,122
198,140
194,77
173,99
196,59
145,126
151,100
161,119
154,57
156,125
188,54
185,114
195,110
164,89
147,80
155,81
193,66
161,64
189,110
149,56
174,96
192,150
164,53
164,72
167,82
156,124
140,106
180,54
158,92
198,58
140,103
179,63
166,53
144,146
180,90
144,135
166,156
146,74
175,141
186,73
177,144
170,65
158,148
192,156
189,102
173,150
191,134
179,63
165,63
176,86
151,140
158,117
193,107
165,53
167,70
150,72
151,109
184,67
185,51
171,81
158,62
163,75
167,138
192,110
186,86
189,156
178,114
174,115
190,60
150,89
160,107
150,70
153,154
165,54
154,135
187,128
148,149
186,148
178,147
158,70
172,128
190,135
177,110
173,114
154,151
152,112
199,133
151,133
155,89
146,62
199,78
175,83
147,150
146,107
178,92
147,59
161,69
183,124
188,92
169,142
197,95
197,129
185,83
199,131
199,92
159,102
189,104
148,132
198,124
174,136
174,156
156,128
150,118
145,151
177,62
174,58
167,78
172,135
195,143
173,53
189,96
173,70
178,149
169,112
156,82
157,153
176,119
179,76
192,52
160,120
181,77
154,98
197,155
186,55
182,91
186,93
191,155
168,106
141,153
153,129
142,124
176,116
189,100
168,131
186,76
140,104
187,118
155,81
155,74
156,100
147,58
166,144
140,121
162,116
154,158
164,96
171,157
177,88
146,124
173,145
185,150
191,125
153,95
145,123
151,146
180,87
165,80
155,155
140,112
161,98
159,110
190,87
185,73
190,54
156,72
189,65
172,144
172,72
145,79
158,116
162,134
170,84
140,121
159,65
171,112
170,56
146,93
162,76
194,135
148,84
172,68
177,120
196,74
175,142
186,135
180,115
165,93
199,71
140,68
179,99
162,52
157,97
187,120
157,66
198,52
172,115
158,100
191,79
161,65
167,86
163,119
164,57
148,125
199,127
141,126
181,80
165,65
158,83
176,78
167,124
179,66
158,54
147,75
157,96
141,100
180,115
163,100
143,127
145,122
168,132
173,85
175,156
184,127
185,87
190,98
149,140
144,58
144,151
163,134
140,66
193,90
171,111
176,120
175,63
159,88
155,85
156,54
161,105
173,78
146,122
159,124
178,147
147,132
175,79
185,129
173,143
144,87
160,126
185,140
140,62
195,102
147,143
152,135
182,139
141,135
174,67
145,71
166,101
183,152
147,95
151,78
192,109
148,56
190,156
151,64
170,106
155,146
167,116
170,64
176,107
166,83
146,99
186,95
144,154
184,78
154,59
142,105
172,135
184,137
142,124
141,157
151,139
179,111
177,138
166,86
195,74
194,118
179,126
172,107
140,127
184,65
155,121
187,155
157,137
189,134
182,160
176,54
193,141
171,79
190,84
195,86
173,82
187,101
148,155
196,95
147,110
171,118
175,85
195,72
160,127
193,154
198,135
141,87
162,114
184,156
180,53
148,98
198,89
142,109
173,159
184,63
171,80
192,118
157,66
172,129
197,145
159,127
146,64
140,129
177,136
185,99
195,80
141,142
164,130
194,96
185,109
197,127
156,134
144,60
147,138
196,58
183,64
177,114
172,90
151,159
151,134
159,159
199,72
173,133
168,145
143,145
180,147
159,141
149,155
140,57
187,71
199,54
158,57
189,154
174,79
149,160
190,98
171,73
149,97
150,138
163,114
144,100
199,127
161,141
167,76
173,59
172,77
167,113
151,103
141,105
171,122
168,157
157,82
149,102
197,92
145,105
146,80
175,114
195,101
156,153
181,135
195,141
187,106
171,91
181,63
174,112
188,58
194,143
166,139
147,71
174,58
153,88
169,69
181,116
190,159
144,52
145,62
160,134
156,60
143,90
145,134
180,96
185,81
187,105
142,117
170,117
188,92
157,135
158,149
150,110
191,94
140,122
145,126
182,126
149,77
180,134
195,50
194,129
152,148
151,152
169,76
168,93
186,70
175,96
165,153
197,71
140,159
155,156
174,125
196,158
179,138
162,123
163,89
194,70
148,114
153,103
147,136
172,99
164,82
164,153
198,157
178,120
191,56
143,159
154,148
187,119
167,116
164,94
144,104
194,123
193,110
176,51
198,57
149,141
151,148
195,134
157,58
149,159
151,119
148,126
165,68
174,137
158,146
151,82
181,70
149,62
154,75
167,92
174,60
155,149
168,103
174,149
192,84
175,72
177,152
147,135
175,103
197,61
185,158
158,108
189,102
199,62
191,141
161,68
190,63
147,62
171,92
178,56
172,76
168,88
192,108
193,69
149,124
190,96
198,72
194,105
175,50
175,58
155,152
145,156
168,128
180,131
155,85
140,64
170,72
190,132
150,74
159,98
142,122
185,83
187,94
187,123
183,148
153,93
140,116
170,154
149,144
196,60
180,50
150,107
162,55
142,148
152,87
148,154
150,52
199,71
170,135
165,60
171,106
174,80
199,129
182,151
160,122
141,91
158,121
190,111
186,112
155,155
196,95
186,120
170,78
197,64
188,115
169,124
148,123
164,150
165,71
191,104
183,90
181,135
198,139
157,106
151,95
140,108
144,90
183,73
177,90
199,125
158,57
199,100
175,142
187,159
181,102
145,62
171,85
190,63
197,82
189,104
187,101
187,133
171,50
154,63
192,85
177,59
155,152
186,123
148,155
192,76
178,106
168,90
168,126
167,156
144,122
176,64
140,102
158,119
190,56
187,56
182,84
174,104
198,99
151,55
140,152
144,103
173,85
151,94
184,146
156,148
178,115
142,88
146,151
156,89
165,109
179,114
151,105
147,151
151,71
189,115
196,59
152,153
169,63
158,81
167,128
189,90
168,66
190,150
147,106
198,79
177,110
193,124
196,85
156,113
188,101
145,107
145,79
149,76
147,91
181,113
196,90
160,157
182,68
162,68
151,68
176,147
148,72
170,160
184,68
167,95
189,118
144,147
150,139
179,100
192,130
171,146
162,56
151,87
171,75
170,130
195,105
178,97
157,106
162,50
169,100
154,79
155,68
162,54
172,133
173,123
184,99
171,152
182,76
158,91
164,50
172,71
155,57
186,98
152,138
173,135
186,70
144,65
191,96
165,59
183,53
182,111
140,105
141,109
186,63
158,93
196,149
188,68
147,102
147,53
150,62
180,132
169,152
149,156
179,57
198,134
148,86
142,86
142,126
169,79
192,94
148,85
155,56
198,95
161,57
158,135
189,130
198,119
153,58
140,150
143,112
155,96
181,72
165,116
180,102
147,92
169,58
180,64
190,67
180,136
161,66
191,126
175,51
170,73
170,97
153,77
150,84
164,117
194,95
185,101
161,125
180,76
171,76
164,142
184,60
174,142
191,78
157,159
173,144
162,141
170,145
148,149
154,111
165,134
164,78
165,90
140,106
169,136
186,149
185,52
198,160
190,124
158,130
162,91
141,142
159,120
158,116
159,160
156,86
156,80
156,110
168,56
169,64
186,82
166,135
178,156
141,146
168,133
180,78
150,83
185,122
165,112
142,72
195,110
172,72
167,88
186,133
151,104
199,150
173,144
197,71
154,83
182,62
150,149
149,94
141,56
152,133
177,91
176,57
141,146
161,129
177,136
193,74
144,87
152,79
187,117
188,86
164,86
169,54
185,147
150,67
145,135
141,76
197,120
141,123
157,86
166,156
141,85
157,123
183,99
161,59
148,74
172,137
142,79
195,109
183,52
191,92
178,72
178,139
140,158
165,51
140,52
168,64
195,67
197,134
191,122
189,133
149,85
144,68
164,87
176,79
145,125
144,67
182,63
161,128
149,148
180,157
151,90
186,82
196,85
150,148
145,122
181,100
148,147
149,141
181,54
149,85
166,154
193,156
150,67
161,138
187,51
195,102
196,135
140,85
167,111
161,125
184,52
195,78
154,77
177,84
152,111
141,94
193,151
160,115
171,143
151,69
191,74
191,79
189,133
144,160
164,97
149,88
171,63
168,76
196,121
165,69
183,79
159,104
151,68
161,50
173,95
183,96
168,103
168,69
189,106
173,54
146,137
153,74
183,50
180,82
184,131
164,110
164,87
170,95
185,70
141,90
176,109
148,95
189,130
148,110
198,97
140,144
195,68
196,50
154,134
189,59
157,74
199,90
163,118
168,63
154,145
183,87
172,146
179,51
180,65
189,103
182,133
143,158
184,67
184,73
189,54
191,117
153,159
166,59
140,52
192,87
174,80
155,122
167,139
178,121
140,157
197,141
190,80
151,123
142,117
148,133
149,90
180,141
149,81
175,65
196,69
172,74
180,153
193,94
175,133
186,95
192,153
161,143
189,159
145,159
158,150
173,139
145,160
167,51
191,70
197,50
193,93
155,134
167,123
169,115
140,108
191,132
151,144
159,88
190,136
157,120
146,128
174,79
192,66
196,147
145,122
181,84
180,73
159,58
167,114
167,97
156,91
196,153
184,70
199,64
180,76
154,131
189,97
171,91
157,61
195,128
184,63
160,143
152,90
153,149
197,129
187,124
191,154
152,115
181,155
142,62
140,114
197,131
158,123
182,157
185,111
166,131
147,157
197,128
189,67
147,117
176,131
193,137
174,121
148,99
186,70
184,86
193,65
168,99
168,119
144,64
152,55
141,56
189,153
196,142
164,144
178,73
193,117
168,53
145,76
144,136
143,134
196,105
190,107
199,134
164,158
151,83
176,66
159,105
167,130
191,139
197,120
164,66
197,106
142,95
164,102
168,135
164,98
152,129
157,129
192,108
196,102
172,81
140,122
189,154
152,53
164,95
151,84
151,91
150,114
151,87
187,100
192,123
186,66
166,122
147,64
140,62
177,67
180,159
176,114
173,116
195,148
192,124
163,158
156,59
173,116
150,94
154,119
198,78
196,141
150,68
163,113
153,109
193,134
157,102
190,154
191,86
183,149
192,86
147,134
175,126
188,95
161,106
161,130
145,57
154,121
152,85
170,142
155,116
157,59
191,97
182,80
191,105
194,114
155,142
198,146
152,150
167,96
173,129
151,67
175,140
171,152
140,142
186,127
182,98
153,147
154,74
197,156
141,81
198,124
193,120
149,56
157,144
156,80
152,148
174,102
164,148
149,128
176,139
185,113
150,127
171,130
187,66
145,160
185,115
146,91
140,129
165,79
160,111
151,152
182,61
177,107
191,71
145,99
158,86
192,143
140,149
145,139
162,121
197,144
160,123
161,124
197,92
191,126
195,82
193,111
157,57
181,103
165,74
173,150
196,58
165,107
170,108
187,117
178,55
183,84
154,141
198,111
169,89
176,82
167,131
152,52
198,98
153,133
185,126
157,80
179,78
172,147
198,86
184,158
159,106
148,112
168,154
167,109
152,62
180,116
161,50
178,56
146,113
148,55
158,50
156,98
197,123
190,146
199,57
141,98
168,97
174,156
183,53
146,60
192,152
179,95
194,105
145,140
194,67
182,81
143,147
159,77
167,113
143,147
157,72
175,98
194,125
190,142
156,59
177,155
147,149
159,87
144,157
142,117
160,96
179,142
178,98
161,55
198,151
170,75
183,138
168,111
189,101
191,93
140,156
145,80
176,88
197,132
189,142
169,89
149,152
144,82
194,50
188,112
142,159
178,108
150,108
140,158
157,134
162,74
184,142
182,143
199,87
141,53
189,69
150,64
146,127
193,52
177,66
187,142
188,153
197,67
149,52
179,115
148,73
145,109
171,139
183,86
162,81
150,82
143,150
167,115
176,86
166,156
141,120
161,52
145,122
153,83
153,99
189,93
176,133
189,141
191,116
141,147
170,154
199,159
171,57
153,97
175,106
168,140
164,94
168,105
166,64
152,85
184,91
142,125
147,136
167,150
195,90
178,58
142,136
177,144
190,75
199,61
180,140
144,90
181,136
186,63
162,115
149,99
142,77
163,61
196,145
154,160
168,80
148,59
144,145
174,153
199,135
178,158
148,150
195,116
154,80
179,153
179,112
180,155
192,122
146,67
153,108
180,90
146,134
192,77
156,148
193,89
168,99
157,90
185,88
147,145
168,116
197,151
151,57
188,118
174,150
143,83
174,57
179,108
185,95
160,149
178,104
182,129
181,155
145,75
165,82
174,145
147,77
140,68
161,134
149,154
193,104
147,102
196,128
156,106
147,67
190,70
183,122
185,150
172,127
143,144
190,105
186,160
147,127
164,88
181,75
180,137
195,89
142,116
146,107
187,82
157,111
165,147
169,120
160,97
149,65
140,128
190,124
186,146
160,158
152,70
168,145
153,77
183,73
140,132
160,93
147,95
160,50
157,52
178,92
179,60
194,57
153,122
160,137
187,137
172,75
148,59
153,152
151,52
168,129
199,62
180,73
140,159
189,100
194,55
169,108
166,91
197,106
185,103
162,98
197,68
189,119
156,90
195,140
182,82
171,63
184,132
161,73
170,116
144,50
177,111
170,112
166,120
153,110
163,78
147,114
175,124
180,109
190,52
190,111
184,115
188,97
165,144
142,150
185,147
161,119
162,67
161,112
171,135
178,76
160,73
178,84
144,108
176,105
145,70
183,86
158,66
171,52
172,129
142,98
174,136
181,111
159,83
147,137
146,152
155,112
188,62
189,108
191,66
151,78
188,148
171,84
184,121
170,105
177,54
162,92
171,128
169,89
169,68
147,78
166,112
180,55
184,60
140,55
179,149
160,58
151,63
186,88
188,56
185,69
176,57
193,142
149,126
144,160
162,143
149,90
148,84
148,67
195,143
149,92
158,119
163,88
141,125
179,139
189,59
182,75
197,141
146,120
195,102
187,105
191,112
185,92
186,105
140,108
196,75
150,104
177,78
143,99
180,64
188,110
145,151
175,69
163,104
142,114
161,133
171,137
154,137
148,152
153,142
152,100
185,89
188,148
182,65
198,67
178,68
186,95
183,84
156,122
165,64
193,132
195,157
141,69
178,135
182,158
166,113
153,75
166,121
179,100
175,144
196,118
181,100
193,61
149,157
160,86
171,67
152,93
176,64
152,75
141,102
151,86
197,155
173,51
179,128
198,141
144,57
181,137
148,50
180,138
149,143
179,58
147,79
194,149
154,54
175,142
142,110
152,122
167,121
179,119
178,75
151,82
189,59
148,121
158,72
186,71
175,147
145,97
185,144
140,80
179,112
140,58
151,114
186,122
183,64
141,148
143,131
154,151
185,60
164,113
166,128
140,160
185,101
146,68
165,122
180,85
159,70
145,151
148,129
158,112
168,73
176,134
155,118
162,104
144,60
173,51
145,89
173,135
191,107
164,140
188,96
141,103
160,141
186,108
150,85
195,156
153,110
146,129
141,51
170,83
147,121
178,128
154,113
147,70
182,101
161,86
187,119
145,129
157,152
156,159
176,148
194,159
180,78
140,147
170,135
143,105
154,82
178,78
190,91
199,70
194,144
173,85
145,62
181,59
198,88
156,85
181,75
186,62
146,122
160,83
147,81
188,86
198,81
168,89
141,107
173,150
184,77
140,105
168,113
189,112
174,157
141,113
141,109
183,61
140,56
166,114
183,141
180,74
176,67
173,117
193,117
142,84
148,56
175,92
142,66
157,76
193,105
190,68
163,153
162,116
142,106
178,60
180,63
166,119
167,89
164,130
163,139
194,131
150,89
155,51
164,146
172,111
142,111
191,119
150,129
192,151
165,89
187,126
199,83
170,83
195,102
162,93
163,143
149,139
154,107
150,64
152,149
191,143
176,96
199,55
190,89
154,121
194,123
172,75
189,148
170,143
164,92
158,52
176,144
195,103
146,60
155,152
169,142
194,81
188,73
145,68
173,67
183,86
184,59
149,134
186,102
185,89
190,115
177,100
146,159
149,100
166,80
158,153
157,134
197,61
198,110
155,102
191,76
159,67
188,87
156,118
181,90
160,135
159,152
163,120
189,121
164,132
181,155
152,115
156,51
154,127
151,63
193,67
188,66
175,79
156,73
175,139
173,87
190,79
193,160
160,61
168,85
185,127
167,108
176,114
159,50
173,158
196,70
150,129
151,139
181,83
143,113
191,73
171,71
165,114
148,52
176,56
172,99
167,153
182,83
178,82
192,104
145,156
183,141
181,134
156,111
167,157
149,101
171,90
150,130
181,119
198,117
151,90
162,157
170,92
179,138
141,112
182,149
166,120
146,60
178,145
182,91
183,70
161,74
192,106
157,67
159,116
141,78
150,78
182,159
171,127
149,129
180,57
184,147
163,76
150,138
168,103
191,76
173,159
153,122
144,156
190,65
179,126
179,131
152,54
163,56
160,106
162,89
153,135
186,81
184,81
144,110
174,72
173,73
150,138
182,117
148,67
169,55
153,96
158,147
144,156
167,71
189,82
150,132
189,156
150,74
160,141
151,91
173,124
174,159
155,134
195,95
142,129
148,87
192,100
164,92
162,99
197,110
169,97
185,71
169,142
163,83
157,118
162,91
144,120
156,70
173,70
169,72
161,103
198,134
140,75
171,111
158,66
176,158
198,93
178,55
145,104
159,98
154,77
144,69
143,52
158,114
184,82
154,107
155,62
191,145
154,60
188,56
144,106
192,138
158,156
170,148
197,157
160,72
150,55
163,105
153,135
183,107
190,150
150,62
190,64
189,135
186,53
187,151
188,128
183,57
166,107
196,88
142,138
152,87
166,96
175,111
166,110
189,118
163,160
154,142
161,132
174,64
190,154
198,132
170,77
193,136
198,121
159,83
153,113
153,146
144,126
180,144
196,76
149,97
182,136
198,98
169,110
165,66
175,79
141,83
180,145
198,70
149,62
150,84
140,125
176,108
190,51
187,106
152,116
172,133
165,128
144,145
154,81
188,75
147,98
196,127
159,57
152,108
194,112
140,156
159,120
172,65
186,73
197,100
168,88
158,157
152,151
188,82
180,87
179,92
169,144
174,64
196,97
166,121
188,60
152,94
193,155
198,68
186,96
193,128
165,140
176,124
141,116
163,97
166,79
197,103
160,114
169,105
156,66
198,97
196,152
153,114
184,61
190,131
168,63
153,70
171,133
158,130
163,77
144,138
187,118
184,95
163,98
179,69
173,86
181,72
150,123
192,148
147,146
160,109
191,160
168,55
142,88
162,118
182,132
194,54
191,152
193,104
169,149
163,153
151,60
150,77
145,55
186,86
148,50
168,156
190,113
142,82
186,150
178,52
140,69
143,76
170,58
185,91
144,110
148,116
195,128
154,80
168,51
181,159
173,109
142,52
178,117
176,130
154,118
181,54
188,155
143,71
163,86
140,150
166,72
174,91
173,64
180,51
151,98
194,51
146,69
168,121
177,53
199,70
169,79
145,93
146,112
167,110
142,51
149,141
198,62
170,69
198,85
198,61
192,59
161,82
193,116
140,149
193,100
170,81
164,152
172,157
175,94
143,60
191,69
178,108
180,131
181,77
169,95
141,103
198,106
150,156
189,144
155,68
197,61
150,142
180,103
163,130
181,156
149,70
175,148
169,128
143,109
193,116
181,76
155,155
152,159
162,109
145,100
161,124
184,82
162,97
187,94
166,88
194,87
186,108
193,139
146,61
171,89
197,68
179,80
140,148
144,89
179,142
176,113
192,106
199,71
195,103
166,154
191,96
169,57
193,122
163,157
199,61
186,70
147,153
178,118
186,82
191,105
145,86
185,57
186,74
172,65
195,50
173,109
170,51
190,118
194,105
170,119
154,58
145,123
164,79
190,110
195,54
152,147
182,92
144,128
143,156
175,50
197,78
144,98
152,112
199,131
162,144
182,62
187,85
185,54
166,116
154,71
188,80
171,151
150,63
196,158
181,104
156,158
164,69
164,144
187,122
197,138
147,98
163,79
161,110
162,150
175,135
195,91
194,65
159,154
168,125
195,92
143,134
199,84
164,107
193,127
168,126
172,115
149,140
143,63
187,85
173,155
164,135
186,98
165,124
157,125
191,73
154,159
148,109
156,140
155,83
148,86
153,93
179,154
194,63
160,90
149,106
168,124
165,66
175,111
158,66
196,159
166,135
145,151
176,92
182,67
175,78
187,151
148,160
184,73
165,86
188,112
179,105
181,108
151,86
197,140
199,115
157,117
141,127
189,101
173,131
177,83
167,128
143,154
183,103
187,131
199,93
156,51
156,159
199,104
153,108
165,155
180,130
194,109
193,96
174,156
188,87
183,96
159,132
162,59
195,115
193,88
159,59
161,52
184,126
161,119
178,70
166,94
156,120
143,112
151,123
156,69
181,54
199,72
180,119
159,52
182,122
199,142
190,101
186,139
153,142
191,85
193,145
147,126
172,102
181,77
159,159
166,139
155,110
199,98
155,65
146,87
145,104
153,67
164,149
170,124
171,130
183,150
172,104
160,57
144,65
195,67
154,59
143,93
178,58
162,125
176,71
197,104
177,73
171,134
161,52
142,83
187,133
195,117
173,65
149,90
141,77
174,79
151,102
152,109
179,123
186,119
151,109
177,123
151,63
144,145
168,126
185,107
194,71
199,112
166,135
189,83
199,105
146,103
160,140
149,115
159,60
170,60
181,97
185,157
162,62
192,110
174,109
196,144
178,126
165,133
190,80
198,74
192,141
176,124
183,115
163,95
148,70
183,117
158,76
163,142
188,133
189,153
193,142
143,113
141,154
190,52
170,148
181,115
160,156
181,51
152,60
162,118
167,67
156,109
150,157
194,53
154,68
166,93
192,137
156,149
191,152
151,152
198,146
146,86
161,93
141,53
152,92
154,160
156,93
149,67
182,152
140,61
154,57
171,58
168,83
143,151
194,53
181,102
167,159
148,120
189,67
157,160
191,73
162,117
168,146
167,137
156,144
183,111
142,110
152,86
186,157
175,115
174,82
145,127
184,135
165,61
171,74
156,88
199,101
151,136
192,149
163,56
161,153
160,83
155,89
182,150
145,157
180,97
171,154
162,60
199,76
150,142
154,145
161,91
196,66
182,80
170,70
169,98
171,124
176,55
181,139
175,66
190,78
197,129
170,112
158,86
149,76
195,124
183,101
175,67
182,149
188,58
164,128
187,63
185,130
163,116
199,125
173,89
175,119
183,129
188,92
187,77
194,75
186,52
188,95
187,51
189,51
177,114
185,120
162,132
190,59
147,71
195,152
179,90
187,76
150,82
169,150
153,119
183,66
176,58
185,145
170,52
181,51
140,118
184,137
155,85
162,137
199,71
190,131
176,77
163,119
198,64
172,130
153,101
160,115
172,79
187,102
193,160
185,89
166,149
152,68
199,71
195,52
182,80
198,76
191,60
142,82
184,110
186,100
173,111
164,121
184,82
187,110
185,88
194,150
169,104
159,59
151,73
141,83
199,134
162,86
189,77
192,154
191,159
142,96
157,144
174,150
181,64
191,149
177,87
181,90
193,101
198,154
168,95
189,90
181,101
198,67
149,129
147,67
183,150
163,65
153,143
199,115
160,123
189,145
140,124
158,79
193,102
180,61
174,102
158,56
175,54
177,100
160,156
162,62
155,90
199,117
183,125
168,97
169,118
199,66
144,159
174,102
196,126
170,96
169,51
144,100
186,104
145,122
170,100
172,126
197,145
170,51
170,115
161,113
164,154
179,142
153,57
152,50
155,113
170,69
189,113
158,145
180,138
184,132
152,57
161,156
180,72
167,159
152,119
179,100
198,68
188,70
157,138
176,147
153,136
183,84
188,50
152,96
144,56
153,53
156,153
185,101
148,89
158,91
178,61
163,58
159,144
195,153
186,77
160,117
198,145
180,143
156,135
141,127
174,160
184,103
153,113
181,66
140,160
157,123
165,77
159,79
189,119
170,93
160,131
158,126
160,97
177,128
187,86
198,88
151,119
187,96
192,92
174,152
187,134
151,51
158,145
193,70
164,77
172,65
194,93
162,103
145,84
150,59
156,150
199,93
148,145
142,138
183,135
176,152
154,58
161,153
165,117
186,103
159,98
178,144
159,158
143,55
143,150
189,110
179,61
180,129
156,83
196,141
165,118
170,151
155,90
165,83
184,116
196,126
159,55
180,101
143,93
140,103
148,135
170,53
192,122
145,67
173,127
197,123
179,151
140,132
157,105
142,70
154,97
153,115
196,157
178,77
146,158
184,75
177,72
159,63
183,56
175,150
169,58
175,142
158,77
193,156
146,71
173,80
144,60
199,84
187,107
193,80
174,146
173,151
156,94
156,63
178,98
193,143
193,153
150,134
180,77
143,154
182,158
199,54
175,103
155,105
142,94
199,128
180,59
157,138
173,89
190,115
199,132
163,87
155,75
178,130
182,124
168,55
170,66
140,126
163,66
141,107
186,63
188,77
159,146
151,58
171,157
154,126
191,78
168,90
166,127
147,81
198,147
155,67
191,145
156,96
177,88
179,151
174,104
197,148
164,88
163,124
166,72
179,89
183,127
156,59
179,72
148,110
190,131
190,86
140,112
171,123
144,77
185,142
155,57
150,96
184,153
146,79
147,131
183,139
187,87
150,96
173,124
173,125
172,92
152,92
146,103
152,129
155,155
180,113
147,62
152,59
177,89
145,90
162,135
180,111
182,89
199,135
159,131
140,78
168,98
153,106
163,94
143,142
149,107
143,79
141,51
159,122
174,98
182,160
186,96
182,50
183,143
185,121
170,139
142,145
141,51
188,57
149,122
172,118
170,130
158,147
168,151
142,99
199,65
186,137
142,64
170,113
193,57
184,93
151,115
145,56
182,58
175,54
152,65
152,110
185,160
154,61
181,90
163,136
193,127
187,156
183,87
166,85
168,100
182,74
164,97
164,136
158,58
176,154
145,97
184,145
172,69
191,107
193,96
175,107
162,91
171,142
165,158
164,122
146,85
152,75
194,116
178,139
192,149
199,120
179,142
149,113
195,53
145,94
156,155
163,57
147,84
164,116
183,103
188,118
164,156
183,94
173,90
165,142
152,115
178,136
187,112
155,135
174,66
190,146
167,55
168,128
146,151
146,155
148,96
152,78
186,130
166,154
167,58
168,136
173,129
175,117
150,139
153,51
146,69
154,96
145,150
175,87
171,114
199,89
173,75
154,77
140,105
189,70
184,68
146,80
150,57
150,141
169,99
148,91
148,99
155,158
162,75
173,111
188,50
197,112
155,125
162,94
181,107
165,159
145,125
147,82
158,79
180,97
172,79
159,154
161,101
186,58
188,83
179,81
156,102
142,100
178,74
194,128
171,102
191,89
182,65
198,99
151,152
170,83
146,70
141,140
160,131
180,148
153,118
177,94
179,63
158,92
185,97
141,101
144,78
148,96
153,120
174,136
179,83
148,124
174,93
141,142
181,95
162,106
164,79
156,111
168,98
192,61
188,152
166,129
192,127
147,107
164,61
157,56
173,107
148,103
159,143
162,114
196,56
186,75
193,105
173,55
168,138
183,94
149,157
159,85
183,60
156,153
185,65
182,153
198,72
174,128
191,121
183,122
160,130
188,68
162,51
175,107
195,118
170,87
168,104
155,82
166,60
184,129
175,81
153,118
161,122
168,121
145,74
170,78
176,123
168,151
165,88
178,123
156,106
195,106
150,51
165,127
155,109
176,109
199,150
176,126
157,156
150,146
186,114
179,151
180,108
192,117
144,88
141,137
196,107
177,120
191,120
173,145
153,145
182,95
195,108
173,63
199,85
171,82
197,101
188,89
174,51
196,157
195,102
174,116
179,157
157,126
159,138
190,134
170,95
164,69
177,68
197,105
179,84
171,97
185,92
173,158
169,148
187,75
190,80
167,121
172,68
147,152
174,125
178,150
164,67
198,112
144,151
178,132
140,104
142,150
163,110
177,109
152,52
193,152
160,129
167,155
142,76
149,103
154,122
166,83
178,78
173,121
149,117
146,135
187,159
192,96
185,86
189,153
146,55
158,75
163,152
178,151
172,113
144,148
142,147
140,71
167,142
187,158
161,133
155,103
172,151
192,69
170,62
179,133
153,141
181,153
193,108
156,120
166,77
177,102
141,134
193,132
193,82
188,96
184,65
146,83
190,133
155,128
176,53
199,141
187,144
175,58
160,119
143,78
142,75
169,130
183,68
154,80
198,93
198,80
159,147
168,137
178,69
176,89
196,116
172,114
162,118
169,118
178,106
158,150
197,124
194,106
186,115
188,58
180,124
196,60
180,56
175,115
190,137
164,138
156,134
163,143
192,160
177,74
194,156
154,133
178,156
188,125
198,133
166,122
147,131
175,92
160,155
142,59
166,146
174,102
157,99
186,155
170,66
168,157
140,156
178,116
176,80
152,87
144,87
176,79
194,136
171,136
191,114
141,99
140,154
146,65
176,72
171,114
166,51
166,128
162,82
161,92
167,114
183,131
182,113
148,71
148,69
196,145
169,59
140,54
179,114
162,103
174,76
153,68
175,55
183,111
183,61
149,68
156,65
167,74
176,159
148,82
159,78
186,94
175,148
184,132
170,52
162,52
148,73
171,56
162,61
145,72
179,77
147,61
158,156
199,121
167,143
179,102
195,81
167,103
160,64
191,118
169,145
162,132
162,55
174,158
140,117
165,132
157,83
143,54
150,137
161,150
154,74
193,79
178,64
168,148
175,100
173,79
141,147
169,70
144,80
192,151
196,99
196,78
173,76
155,100
161,108
153,54
153,105
142,109
146,59
148,112
180,110
169,155
159,56
168,147
149,106
145,139
170,60
140,146
146,115
195,131
154,144
178,95
162,99
185,101
168,106
151,65
148,99
194,64
184,160
171,103
164,69
175,96
190,78
165,55
142,92
155,92
158,106
145,153
180,83
178,101
186,82
171,70
190,70
195,133
171,151
146,76
196,158
198,63
185,156
191,57
145,100
147,98
179,97
149,51
156,150
174,75
154,89
176,100
164,155
182,142
176,122
164,73
141,71
145,74
159,123
148,121
167,130
198,143
176,140
152,118
187,84
140,107
144,158
186,86
149,106
154,65
166,147
140,115
187,58
185,140
167,156
169,85
183,134
143,113
153,136
181,104
143,99
186,119
175,94
198,52
171,95
140,153
161,102
168,118
151,139
194,77
154,121
177,149
142,159
198,51
159,62
155,127
182,121
176,156
169,125
173,159
145,95
166,124
192,146
195,94
154,79
155,65
182,139
157,142
170,53
197,157
159,76
158,121
183,142
193,135
184,88
157,75
151,69
156,127
199,86
148,134
189,98
169,90
181,137
148,88
174,72
158,84
146,98
166,102
150,150
149,61
186,119
186,160
159,91
160,53
183,147
154,54
176,87
140,135
187,108
195,61
198,61
147,77
189,132
171,119
146,124
146,72
184,145
163,152
187,146
145,148
179,83
174,155
168,60
193,103
162,125
188,119
165,53
157,94
181,51
169,74
159,131
148,125
160,97
162,89
164,136
193,72
162,147
185,51
184,69
166,159
158,135
162,117
187,61
195,148
167,82
154,66
159,88
142,62
166,159
178,146
154,97
165,53
176,98
191,105
164,64
152,81
153,90
181,126
197,98
186,91
179,119
178,57
191,159
151,131
178,83
172,67
192,125
198,98
185,62
141,70
159,120
155,82
144,115
174,153
143,81
156,123
163,84
150,67
173,72
141,122
152,100
174,90
191,128
195,94
140,144
195,75
171,77
192,132
147,58
145,126
163,130
187,81
182,141
146,87
148,73
164,150
187,63
186,101
154,145
176,113
140,104
154,157
150,99
171,153
146,102
193,150
153,63
162,89
152,96
141,58
193,132
179,131
186,88
196,154
141,125
186,123
196,67
186,52
163,130
147,53
154,89
191,154
151,146
176,117
147,88
193,150
164,50
178,99
144,93
158,127
165,126
198,108
189,61
155,116
165,154
175,133
176,119
166,61
154,88
155,74
196,96
141,157
155,61
189,62
150,75
188,76
151,71
179,86
182,103
175,116
197,131
183,152
149,139
185,107
191,64
196,109
148,108
168,62
194,87
162,140
151,106
187,85
183,142
192,140
161,148
191,64
189,73
167,75
179,142
155,119
151,71
154,77
165,136
154,87
188,152
160,73
143,130
161,129
165,132
184,89
180,87
169,152
170,87
172,65
181,125
155,74
178,133
141,107
189,119
190,60
177,76
162,156
179,100
149,141
161,95
158,138
193,127
181,135
176,137
146,143
196,138
145,72
197,118
156,109
167,117
162,160
166,129
156,62
190,85
194,152
184,59
191,144
164,64
158,71
190,60
172,70
152,131
153,140
186,154
162,119
197,109
148,94
175,123
197,147
179,157
162,132
192,54
190,75
153,128
180,158
165,75
150,62
158,111
167,132
194,124
182,131
164,72
149,50
178,114
140,101
192,121
167,55
146,147
142,142
196,90
156,158
159,73
181,98
175,100
192,139
193,122
149,155
191,99
170,88
163,159
190,104
193,59
184,68
141,66
141,127
145,132
193,69
163,79
168,123
182,92
159,111
176,98
189,106
196,97
173,99
162,146
197,150
151,80
141,152
199,150
173,132
190,116
171,118
160,148
149,128
188,122
161,149
190,139
182,81
191,67
150,103
185,94
183,146
177,96
159,153
172,63
189,68
180,124
187,82
189,148
188,55
150,141
191,74
160,74
175,126
167,79
184,74
185,153
151,73
162,54
188,68
163,84
171,116
147,143
174,102
155,102
196,152
144,103
163,116
188,148
152,150
183,158
151,100
199,86
157,59
145,154
143,84
166,71
178,120
199,67
194,90
167,99
150,77
180,81
182,128
147,89
142,100
195,61
140,114
162,70
143,156
194,133
173,72
180,93
150,92
193,116
177,75
152,139
161,108
190,85
172,149
155,87
164,155
144,157
161,92
164,90
149,73
173,64
164,67
150,86
152,149
157,115
151,92
155,137
160,139
158,85
193,91
169,134
146,100
150,124
174,71
185,148
182,84
141,152
182,151
182,146
157,118
198,99
190,90
198,154
150,53
176,110
146,53
179,97
145,152
193,140
189,119
174,75
141,113
158,65
191,109
156,50
161,129
188,117
169,115
150,76
160,133
174,121
189,160
195,113
146,125
170,156
181,98
155,73
181,125
151,149
162,152
182,50
155,121
150,98
193,64
146,75
159,77
197,125
183,104
151,122
159,137
190,92
184,56
174,96
147,153
198,121
167,108
162,73
153,55
156,89
185,95
163,84
164,81
148,94
174,84
190,103
178,65
187,87
196,93
163,95
190,148
194,108
189,51
159,85
189,120
188,119
169,126
186,143
157,55
173,139
142,70
171,103
160,70
140,112
186,129
188,158
182,65
198,153
140,119
168,93
188,130
199,149
144,93
162,150
179,54
174,51
177,153
178,109
160,132
162,114
184,143
187,152
163,54
171,98
164,104
142,156
153,77
172,117
153,65
178,69
199,90
185,80
191,131
143,61
154,94
141,75
158,54
181,97
178,115
190,143
177,135
169,120
158,140
174,94
168,124
175,86
196,59
189,146
141,93
197,138
144,109
147,87
140,58
149,70
187,97
150,155
193,118
149,153
197,112
140,124
167,120
183,112
160,106
143,108
152,71
160,63
156,123
179,64
176,58
146,153
176,105
169,60
184,109
190,83
144,91
171,66
165,126
186,105
179,130
199,97
156,140
141,59
176,99
177,140
147,72
182,130
168,139
165,99
188,123
184,76
146,56
183,88
183,113
146,93
196,96
193,98
170,95
151,151
183,142
193,61
143,63
153,105
183,108
184,79
179,77
199,144
157,149
170,127
152,65
198,122
161,138
180,103
192,88
141,74
173,146
143,115
184,91
141,93
141,123
158,62
194,74
173,88
190,95
166,90
143,157
168,66
168,122
153,54
184,59
140,95
161,133
158,131
153,81
154,105
182,142
165,154
199,74
161,51
148,55
151,106
146,158
199,132
198,96
175,129
150,93
170,116
140,92
144,73
197,55
191,137
152,56
166,86
141,67
140,130
189,107
194,61
153,116
176,156
149,119
164,93
150,57
197,122
179,65
171,122
179,142
140,150
188,138
188,101
188,62
168,134
176,92
195,126
179,122
189,57
179,55
153,106
156,97
174,98
169,112
158,60
177,134
170,78
174,134
194,149
161,99
174,86
148,146
190,113
160,152
182,104
162,148
186,131
195,76
182,149
144,95
142,90
154,138
168,158
153,154
199,85
148,97
149,81
185,145
184,56
183,144
197,122
142,90
199,84
167,144
173,52
182,156
185,129
188,54
150,146
151,65
168,147
176,93
170,142
190,53
151,159
166,56
197,74
194,141
179,73
176,137
148,136
189,63
155,55
146,102
142,59
166,124
190,158
190,87
188,61
182,151
175,159
146,128
173,74
186,87
177,140
187,53
150,123
190,102
165,97
195,155
153,76
143,119
154,160
164,150
141,52
187,56
189,110
182,62
144,65
155,88
143,119
198,131
152,78
151,61
149,158
180,141
177,82
178,157
190,126
178,117
162,84
164,87
182,54
147,94
140,116
192,153
198,122
175,145
144,130
176,60
180,156
190,60
152,133
148,138
185,82
199,61
171,117
191,160
160,65
176,129
153,133
149,126
169,156
191,129
179,149
175,62
199,92
164,138
155,127
197,87
160,90
155,77
195,115
156,64
141,64
164,154
180,140
178,63
144,137
189,142
163,114
148,121
187,114
185,54
156,92
163,139
176,58
151,78
157,52
198,55
169,127
156,129
155,72
188,84
143,122
166,141
143,60
181,76
154,76
143,156
184,67
146,111
177,85
193,61
199,126
176,64
185,124
172,102
148,102
164,124
143,142
160,109
164,103
165,78
169,53
151,150
161,69
149,59
182,73
153,136
199,79
142,64
164,101
173,66
188,159
157,103
192,151
176,147
152,112
188,89
176,94
190,51
182,149
167,136
194,149
162,84
154,140
157,129
180,54
186,103
151,147
158,88
164,123
144,53
187,95
153,127
170,138
161,56
189,55
154,151
155,123
151,111
184,111
181,120
152,90
173,117
170,51
159,113
152,114
186,75
182,143
192,120
149,75
171,56
173,155
173,137
157,121
156,82
167,101
198,150
156,54
140,99
190,69
166,97
149,97
185,96
189,102
180,106
144,119
145,126
158,78
152,65
186,107
150,160
193,66
193,135
153,125
197,126
168,112
178,72
142,108
165,156
173,86
160,99
140,159
183,52
150,80
168,115
178,149
153,50
140,97
149,127
164,71
183,91
180,60
190,118
168,68
152,130
164,110
154,157
146,56
175,112
156,132
164,73
170,140
197,145
142,93
184,144
192,69
152,75
152,152
156,104
142,84
175,144
182,85
197,121
174,77
182,159
143,144
173,99
186,102
146,101
195,157
169,110
157,139
141,136
177,131
170,71
156,120
152,124
165,96
167,115
150,145
178,67
171,103
191,52
165,118
187,116
198,157
169,103
197,59
175,146
187,86
174,96
169,79
174,118
198,134
140,157
190,79
199,56
162,57
199,76
184,67
160,137
141,126
164,71
198,135
149,52
156,126
172,154
178,60
157,118
194,77
140,122
196,92
192,52
190,114
178,155
197,58
143,132
155,80
197,110
174,112
170,159
180,140
199,56
193,66
163,78
199,133
169,60
166,50
155,113
157,108
170,155
154,68
151,153
168,97
165,151
154,138
140,93
191,135
141,97
199,141
197,125
143,64
154,113
179,149
151,109
164,110
192,153
180,115
190,102
156,100
174,119
190,69
177,118
198,63
154,50
198,131
163,70
167,154
154,153
177,71
167,76
175,76
145,156
157,62
187,56
144,114
158,81
182,83
176,153
166,151
164,131
181,149
185,99
194,73
193,96
182,136
171,149
154,96
153,152
183,112
180,106
194,123
171,80
143,119
145,66
161,62
164,98
187,106
145,117
151,94
179,116
180,138
191,137
178,143
169,98
198,137
188,62
149,66
161,122
188,97
185,78
168,65
166,64
193,121
162,112
165,99
170,120
147,61
196,142
186,53
170,100
195,143
180,145
178,105
156,151
162,138
192,120
142,94
155,62
180,138
175,138
191,55
161,125
143,160
190,110
185,149
170,85
140,85
161,154
140,124
174,52
160,100
157,63
162,54
144,110
187,115
197,127
170,130
169,53
145,133
143,116
186,102
143,113
183,58
153,59
178,60
196,97
193,142
187,65
188,123
195,144
193,54
163,134
188,91
163,153
146,75
157,82
182,125
178,103
186,125
185,140
157,160
162,82
165,98
148,63
147,83
185,118
142,70
183,126
140,111
189,155
141,120
154,131
176,68
176,138
167,120
186,128
172,50
174,95
146,150
174,125
154,111
162,100
174,146
150,140
144,50
163,141
167,93
196,136
194,124
151,91
191,136
143,147
188,151
193,82
141,132
198,147
162,95
141,139
143,60
141,50
140,70
141,140
167,64
180,59
148,120
157,111
179,115
191,76
160,50
177,144
194,160
169,73
153,113
194,58
158,107
168,116
171,134
157,127
197,115
173,112
182,67
172,86
167,155
199,145
164,82
150,81
148,132
165,136
193,150
152,77
162,138
147,54
180,139
154,75
168,117
189,160
147,117
191,100
179,118
180,66
172,63
174,135
156,151
143,160
182,72
182,149
144,95
170,92
159,146
152,114
171,93
169,128
187,150
197,153
184,88
183,118
140,88
164,88
169,108
189,61
193,80
192,98
178,137
157,84
183,133
180,105
163,73
156,91
145,50
194,105
145,78
170,158
160,148
172,106
158,64
198,55
169,88
177,120
142,118
146,135
167,115
160,137
165,55
162,148
166,83
143,118
156,126
172,160
162,108
171,102
150,100
148,99
199,130
157,115
167,79
162,142
195,131
157,63
151,135
146,64
186,73
152,75
175,86
171,118
191,96
144,139
155,119
192,158
160,120
176,100
170,123
191,120
151,54
187,134
188,117
167,83
161,121
149,136
176,113
157,104
199,139
169,113
159,114
173,119
165,112
141,80
183,69
159,134
168,100
156,65
149,151
172,59
140,86
161,81
197,78
168,67
156,106
187,77
161,142
163,139
169,143
165,89
185,141
174,96
149,97
181,75
157,142
166,104
153,78
171,109
151,142
161,148
195,101
174,77
164,134
199,124
177,116
170,55
157,97
161,86
185,125
152,106
187,70
171,112
141,138
164,83
188,108
195,77
140,145
156,77
174,85
159,101
168,54
163,134
178,135
154,86
156,117
168,97
162,65
171,96
155,142
160,58
174,131
193,52
169,142
174,91
146,149
161,127
148,143
145,149
197,103
177,102
145,56
164,153
151,137
188,122
161,70
189,144
166,125
186,87
167,151
192,109
174,108
188,76
183,160
158,80
183,137
170,133
146,139
183,77
191,154
154,107
162,90
145,92
197,140
175,138
166,60
166,144
142,109
171,141
152,53
162,141
166,142
152,150
162,139
182,103
147,143
156,130
156,157
178,78
163,59
191,101
182,147
158,125
169,105
181,149
183,146
180,57
149,121
193,131
185,89
156,50
179,63
189,123
167,52
175,65
150,53
170,67
149,105
165,152
167,160
161,104
172,75
179,78
143,124
152,72
182,50
184,72
175,111
161,117
144,119
157,61
187,54
178,63
199,134
157,141
177,114
160,126
174,66
192,108
159,122
185,55
192,106
197,148
179,75
150,112
141,130
182,110
181,151
189,72
149,152
146,96
155,155
199,102
163,150
141,160
147,89
149,59
151,101
155,131
159,105
170,106
199,91
180,128
192,96
189,91
169,113
199,120
194,66
197,73
164,57
199,97
194,110
144,107
179,50
197,83
142,73
150,134
151,128
174,106
153,58
194,146
150,158
147,139
162,124
165,96
170,105
180,60
153,125
146,149
151,70
172,120
163,109
182,127
145,138
171,127
143,135
174,99
177,50
150,60
196,53
142,107
174,86
172,101
185,123
160,61
168,132
157,119
143,58
198,112
177,160
162,79
164,98
169,158
176,122
191,133
145,155
145,122
152,52
163,77
156,71
143,61
151,140
154,106
164,64
162,86
166,102
153,70
140,139
147,153
155,70
180,133
171,127
190,107
163,94
155,60
197,81
152,127
181,72
191,138
153,68
173,104
184,75
179,66
174,80
171,128
195,105
182,133
177,154
144,60
161,92
195,100
159,156
185,85
163,131
162,76
194,79
144,122
150,117
194,68
142,146
146,135
156,53
186,66
144,89
150,64
150,96
185,64
154,140
144,129
153,127
183,159
199,142
183,153
199,64
151,143
177,152
153,91
152,111
187,96
171,72
190,143
169,111
141,122
162,115
163,55
158,71
194,73
188,117
146,119
199,61
195,113
150,114
154,89
140,64
168,125
176,134
186,74
184,135
187,110
179,154
154,148
185,81
148,95
144,75
180,152
174,51
198,129
155,82
145,52
187,80
188,114
164,126
151,144
175,112
143,51
175,157
141,108
166,127
163,79
195,72
169,142
172,156
185,128
182,120
151,71
159,93
192,57
181,106
177,54
170,57
162,135
183,53
192,63
164,131
145,126
184,64
151,127
174,67
185,153
179,136
188,110
166,88
180,126
184,150
143,135
147,123
189,149
144,106
141,103
192,69
147,138
191,60
184,55
184,79
176,160
158,65
183,151
180,133
163,88
185,54
156,124
174,76
148,66
197,156
178,107
182,79
191,91
149,78
150,150
198,109
166,117
199,160
155,145
161,140
158,60
152,120
145,98
172,97
144,67
160,159
199,147
184,78
158,117
192,93
141,87
171,134
158,110
179,62
192,80
174,68
146,154
179,148
177,76
162,150
144,146
183,69
150,92
186,102
146,55
173,86
169,82
194,64
197,138
199,56
190,138
160,156
180,129
152,61
151,138
150,71
193,112
159,123
152,70
176,55
152,74
193,92
173,125
153,118
161,145
193,66
154,145
189,59
182,151
191,80
147,74
166,86
157,111
187,142
170,53
179,82
183,142
178,68
168,138
178,77
144,72
174,103
199,70
163,79
144,125
166,80
140,69
161,87
162,133
153,153
154,156
170,52
178,106
186,84
181,94
143,145
159,144
199,64
196,147
173,51
166,148
189,134
154,84
145,152
173,82
196,143
178,121
166,147
172,98
196,156
193,132
194,144
190,60
188,53
158,99
198,65
178,112
162,58
180,124
179,109
188,65
140,56
145,111
187,54
148,99
146,70
159,52
154,115
155,82
166,79
166,146
146,55
150,57
191,106
199,121
194,94
143,105
195,146
184,127
196,97
176,135
151,109
168,72
199,160
190,55
182,97
185,107
188,154
183,98
155,123
170,153
186,147
175,82
188,112
159,71
173,133
161,110
154,73
197,158
194,116
172,125
178,124
178,81
189,110
193,58
180,81
152,99
141,73
157,57
154,114
150,72
160,159
161,92
187,126
186,86
164,78
196,149
144,106
166,121
149,117
162,92
153,56
172,121
183,146
159,87
146,134
198,128
142,84
141,123
176,75
167,114
184,141
181,65
178,88
147,65
192,73
184,156
150,59
196,111
140,70
180,115
165,152
176,160
185,135
185,81
153,116
173,106
188,126
171,130
159,143
183,92
160,69
166,160
140,130
187,115
160,144
158,107
140,143
158,155
162,84
192,97
184,138
170,53
159,133
173,146
165,153
141,114
170,132
199,91
152,124
161,59
180,132
161,78
158,87
189,97
149,86
195,69
178,74
179,64
191,107
152,143
187,131
140,81
146,56
174,112
147,114
172,53
190,152
176,93
190,114
144,124
199,138
145,83
181,125
183,51
161,155
190,112
186,61
178,54
159,134
180,142
175,123
186,88
181,102
187,136
165,155
167,86
175,70
146,55
150,112
147,83
191,71
157,79
173,154
182,130
183,126
173,107
176,111
197,115
166,114
178,160
174,68
193,86
194,128
188,69
199,157
176,118
152,104
172,71
144,156
152,119
164,62
150,85
153,122
165,129
144,129
194,57
169,150
186,67
145,80
191,141
164,67
150,86
156,117
170,154
195,57
151,60
188,72
142,129
196,56
173,114
184,108
178,150
149,119
191,123
162,83
160,65
199,134
163,95
154,97
178,82
199,77
182,148
186,61
143,82
166,50
192,81
169,134
173,117
182,52
160,94
180,109
157,137
184,61
160,105
167,73
174,55
152,80
174,154
147,126
158,120
188,115
154,104
155,76
142,105
168,158
147,140
181,104
140,60
148,133
169,127
196,147
196,112
142,59
165,53
187,151
140,143
183,117
192,145
186,55
195,101
186,59
157,117
179,130
176,127
144,77
198,79
143,123
194,51
178,94
165,62
144,88
179,140
146,115
177,77
185,77
193,107
175,129
154,111
186,90
173,65
170,74
188,63
170,154
163,72
187,94
186,51
142,158
159,123
177,147
189,159
161,106
163,138
165,115
199,88
167,51
189,160
160,135
171,50
177,113
164,97
179,90
146,153
169,86
197,128
178,66
194,82
173,135
188,80
164,107
188,64
199,112
198,71
174,50
198,140
169,111
180,133
161,156
151,145
155,141
145,105
141,104
177,87
189,70
166,90
187,67
143,50
188,120
148,156
143,84
193,151
148,131
196,160
160,145
185,146
176,96
164,57
184,51
174,74
159,67
146,50
172,111
144,75
162,99
148,89
168,152
159,97
167,79
152,94
196,133
163,133
147,63
149,62
169,123
160,120
176,153
178,99
142,78
194,100
167,86
166,82
198,160
194,86
175,152
198,59
165,138
161,75
189,78
161,140
169,112
179,97
170,106
199,145
155,156
197,72
148,117
144,52
171,63
178,51
160,149
151,74
161,81
189,146
166,93
176,70
197,128
199,55
151,119
175,112
173,146
190,94
190,122
168,74
152,140
146,56
141,97
193,71
141,70
167,139
167,51
158,114
172,85
159,134
143,90
154,85
166,93
177,131
173,106
197,94
178,153
188,119
145,146
199,75
141,147
159,158
182,129
189,134
166,86
196,144
167,133
158,51
194,108
151,94
144,128
169,50
170,122
156,94
159,62
176,149
147,63
158,90
162,52
185,102
171,61
159,157
179,94
189,115
197,134
158,104
199,76
171,119
159,141
164,117
182,79
174,139
153,104
159,61
146,77
174,93
147,65
164,152
184,116
177,107
174,117
173,132
141,85
187,112
182,94
146,63
188,109
155,149
182,54
172,53
155,138
163,90
187,128
146,109
171,64
159,117
158,157
177,154
179,146
185,90
184,131
156,151
143,106
198,72
185,159
140,55
174,137
191,63
189,117
188,157
151,62
167,85
187,107
157,122
177,122
164,105
181,67
199,131
197,88
150,111
148,69
157,61
179,158
192,125
143,87
163,92
145,106
140,74
160,136
181,72
182,54
148,157
163,119
149,82
172,103
145,125
161,50
191,65
176,145
162,148
156,75
198,54
148,113
191,146
142,92
154,56
166,123
170,71
176,136
142,50
141,78
176,105
193,145
184,60
140,134
144,150
189,76
172,110
160,83
159,61
167,106
174,141
183,95
173,145
159,92
143,50
164,65
199,54
171,74
151,151
148,152
142,130
157,75
182,117
177,61
188,61
162,109
148,124
153,123
187,132
170,152
198,119
167,122
174,99
142,116
190,77
174,51
162,57
163,72
158,148
177,53
190,51
185,118
154,73
197,50
170,153
147,65
197,55
170,126
189,64
162,52
164,109
167,111
178,75
166,58
198,80
169,129
170,73
186,75
188,94
186,54
151,132
153,94
142,118
167,146
173,77
161,101
140,103
196,141
178,91
189,68
160,111
189,71
178,71
152,77
195,54
160,109
162,57
164,96
162,141
172,50
172,152
157,160
170,157
156,74
181,52
168,77
189,131
147,116
185,61
163,158
155,102
148,104
159,116
149,80
184,118
196,101
161,151
141,83
172,144
144,153
180,63
144,89
169,51
174,94
184,113
146,87
181,107
186,81
190,137
194,58
187,113
173,118
164,71
160,122
189,157
155,52
165,154
191,143
180,136
171,138
153,77
189,118
185,124
141,73
193,145
165,125
150,63
143,67
162,74
174,120
195,70
181,148
197,119
180,146
163,160
159,153
184,140
179,73
145,135
179,146
148,137
197,119
152,96
197,133
176,120
170,133
168,150
198,69
143,157
182,115
196,91
175,50
149,103
191,50
189,125
164,99
165,96
165,142
155,107
169,77
190,119
197,146
171,155
198,108
172,131
140,146
185,95
192,137
188,155
174,104
173,118
193,117
168,109
147,111
185,101
178,98
190,102
186,82
198,131
157,93
172,125
171,141
160,60
160,149
156,128
196,97
175,105
151,71
181,73
185,109
199,146
146,151
180,89
152,128
198,153
156,91
145,76
186,108
184,102
141,87
182,113
174,156
157,58
160,137
143,86
140,110
162,54
147,76
172,121
196,147
181,58
176,142
174,81
167,98
196,154
193,69
153,124
181,76
159,95
154,75
169,108
157,116
197,94
191,148
156,64
167,137
151,94
176,128
187,103
170,122
147,121
169,55
141,69
152,158
154,147
165,73
180,61
185,160
158,159
193,124
174,148
176,156
189,160
170,90
179,128
185,103
174,101
150,158
146,130
166,100
149,119
180,108
142,117
197,61
168,127
151,93
158,130
199,64
153,96
169,107
186,155
142,108
165,125
185,127
196,152
143,57
167,117
197,63
146,128
197,50
182,130
177,74
175,143
140,156
188,92
189,102
189,127
194,112
157,110
160,84
175,155
188,65
154,124
175,128
154,156
152,70
167,101
188,151
186,155
196,64
155,107
148,144
172,136
144,134
184,87
141,60
141,95
197,103
170,85
175,61
150,61
141,145
161,136
154,153
158,97
147,133
158,154
179,157
154,118
154,108
187,120
181,73
196,146
164,72
196,60
199,96
177,113
198,104
151,116
152,141
159,50
164,116
198,121
194,97
165,91
142,85
197,121
172,141
175,134
173,65
187,60
154,68
178,149
183,84
157,81
152,111
176,160
175,146
159,160
194,96
148,78
171,115
172,91
181,75
150,69
153,125
194,103
173,157
170,103
141,80
154,125
165,103
195,151
188,53
144,129
142,148
180,114
158,102
151,112
184,53
191,87
185,77
199,89
151,85
187,149
189,152
185,95
179,79
150,100
188,93
145,89
171,102
183,148
161,80
192,154
164,128
144,60
182,156
169,72
167,128
162,146
190,78
176,93
197,93
177,104
165,154
191,110
189,145
186,96
150,130
151,100
153,148
157,98
196,155
159,66
189,145
197,64
148,115
197,152
152,109
198,156
142,133
181,57
162,89
175,62
189,138
159,109
177,143
177,77
182,73
170,105
199,115
147,109
182,119
187,52
197,88
178,50
143,139
192,111
155,151
172,141
173,105
162,119
196,96
160,140
174,83
171,50
155,72
146,128
193,60
168,123
151,160
196,82
165,114
151,65
163,79
193,50
176,122
183,141
164,151
191,133
156,154
180,92
140,135
161,154
181,130
189,56
167,114
152,61
154,133
153,94
145,81
164,109
155,116
191,138
190,120
165,77
163,91
144,89
155,143
192,69
141,61
175,68
150,93
144,82
171,71
188,118
151,75
170,60
162,54
196,112
161,134
160,102
152,95
141,140
184,62
142,158
157,133
153,76
198,91
198,57
196,92
179,160
182,105
159,56
149,71
199,87
191,56
147,106
171,115
196,55
190,116
159,104
163,55
158,135
178,83
163,135
147,119
177,62
150,156
146,78
153,85
192,95
178,67
145,95
191,107
162,84
155,130
146,109
166,146
182,91
195,148
148,91
159,54
170,141
182,117
181,79
180,150
194,55
147,117
195,95
164,61
150,138
150,152
175,101
197,99
160,106
170,114
179,144
162,148
185,150
153,153
191,62
179,50
176,95
142,66
191,160
140,63
179,60
184,103
150,87
191,126
183,113
172,108
145,76
149,81
194,107
160,154
165,100
158,103
143,100
153,158
170,120
154,139
165,64
193,141
181,129
173,98
172,157
198,50
198,56
182,104
199,122
183,141
189,109
160,70
158,65
175,89
170,66
157,97
169,138
194,149
170,81
148,66
177,66
191,61
141,117
196,151
152,66
181,111
188,134
181,66
157,121
199,120
197,102
160,120
173,91
181,91
195,129
147,68
191,95
152,79
141,154
191,114
162,108
142,149
166,157
168,53
169,106
167,112
155,146
196,59
173,113
164,110
167,111
174,54
169,123
174,130
194,71
152,79
184,82
140,126
148,57
187,51
193,142
161,91
187,81
159,63
185,146
157,146
196,146
192,144
148,149
195,150
147,153
150,87
187,106
197,159
189,152
199,53
161,107
194,70
194,72
175,113
196,51
164,139
199,69
159,64
141,56
199,86
174,75
174,133
186,52
182,122
170,92
164,77
159,116
140,144
190,105
192,79
185,153
175,72
185,52
187,65
197,141
184,133
159,140
149,59
155,110
183,72
144,143
174,135
148,52
183,79
188,102
151,138
169,110
156,96
187,102
182,73
160,62
146,153
179,132
159,98
154,139
189,105
173,55
159,51
192,110
162,136
181,134
194,60
185,76
181,116
187,55
162,55
169,90
154,101
187,92
197,134
149,53
149,73
155,69
162,90
164,132
160,146
166,150
153,142
181,153
147,146
195,158
192,83
186,147
169,133
177,102
189,79
191,104
196,154
162,138
144,146
195,54
149,115
144,120
193,127
170,84
198,132
193,130
154,87
140,71
196,67
199,53
188,152
145,78
165,138
153,61
174,104
192,92
199,104
184,95
187,77
176,53
189,92
159,147
157,103
178,105
193,91
170,99
145,96
195,101
196,60
150,87
176,117
155,129
190,107
168,85
172,85
165,120
187,134
195,77
154,69
164,129
165,73
193,115
199,148
198,89
199,87
153,109
162,57
193,91
159,113
151,153
173,100
143,53
145,122
167,130
142,116
144,66
144,61
148,114
185,116
151,107
140,99
148,139
144,88
176,152
187,101
154,158
176,133
167,113
170,66
193,118
144,59
151,89
169,148
198,140
187,55
161,79
146,109
198,106
151,155
157,52
162,93
187,114
159,85
196,126
189,66
152,128
186,130
172,136
178,67
180,118
164,105
160,145
174,111
180,140
171,81
151,110
193,145
194,122
176,156
144,69
146,58
164,99
193,58
183,58
149,61
178,129
188,61
149,97
153,141
185,89
189,116
168,121
184,105
173,112
146,69
160,136
171,85
170,112
199,116
140,106
155,100
145,126
193,55
195,158
182,94
155,55
195,51
142,99
165,158
149,52
186,152
141,157
179,55
181,75
180,107
161,112
191,74
146,123
182,55
166,94
173,59
142,146
199,78
196,61
172,81
163,144
191,108
140,97
144,117
152,128
140,58
163,88
171,84
159,159
187,136
149,92
167,60
140,90
169,147
171,137
155,126
161,156
171,67
164,94
150,102
199,89
156,144
172,137
148,63
175,72
173,134
179,149
146,126
153,132
198,108
199,96
147,58
168,80
155,98
152,91
194,52
169,129
153,73
194,142
140,63
159,109
188,137
157,70
187,131
181,69
177,116
165,152
153,72
190,140
149,56
190,122
147,57
186,57
184,123
180,110
156,67
159,125
171,87
158,67
167,109
150,114
173,76
170,159
151,67
192,145
193,126
143,83
158,128
192,91
183,148
145,99
177,112
161,157
187,144
173,128
148,66
165,89
191,84
184,114
147,140
179,156
199,90
164,79
195,156
146,158
144,94
167,76
154,72
158,61
156,51
172,91
197,122
163,129
163,119
151,140
188,103
163,139
167,151
154,69
180,113
184,59
162,147
156,133
187,113
161,120
169,95
142,158
186,54
175,141
143,149
162,96
167,125
198,130
173,54
151,86
179,127
196,74
148,143
154,130
156,126
196,81
146,53
169,132
179,88
199,59
146,151
150,102
171,54
155,160
147,146
141,129
195,142
167,70
169,103
145,134
184,117
178,127
196,122
145,97
144,54
164,112
144,106
156,90
171,69
176,94
180,85
180,70
161,98
144,142
142,99
195,120
153,57
158,121
140,122
192,123
173,119
179,61
192,110
198,98
142,94
173,120
177,148
155,84
174,75
148,93
187,160
187,90
140,90
179,140
152,139
181,92
143,156
195,131
143,98
157,127
196,65
153,76
191,75
157,105
170,76
161,59
168,107
188,85
163,58
181,108
150,150
159,147
151,83
195,157
166,91
151,143
184,144
178,132
196,125
158,92
160,116
150,96
177,118
192,157
167,153
153,152
178,54
165,145
185,141
148,135
169,100
191,124
177,147
190,115
141,63
144,109
194,61
190,82
165,136
142,104
166,76
196,124
195,121
199,96
187,59
183,118
155,120
140,51
161,88
192,145
193,147
198,52
160,79
190,126
189,125
165,101
160,112
140,84
168,60
143,62
147,143
152,66
160,160
175,76
145,98
163,67
182,50
171,89
170,103
171,120
179,148
145,109
159,74
163,63
140,114
155,56
175,109
178,124
191,53
182,65
187,152
195,91
175,63
184,120
192,70
185,136
161,144
195,120
166,135
195,66
165,146
193,129
189,82
152,135
192,129
180,89
146,116
193,54
150,57
143,139
187,141
145,78
186,122
140,95
186,85
173,109
143,111
176,155
198,72
168,99
192,114
191,150
185,133
196,104
193,126
161,113
169,143
164,150
159,62
148,62
179,91
178,153
175,140
172,101
195,153
180,119
183,125
186,53
172,53
173,118
179,120
182,50
159,140
143,121
179,81
173,127
195,94
186,121
173,155
152,90
142,138
145,116
158,87
147,53
157,87
196,115
195,74
183,55
144,119
185,132
196,139
184,156
189,66
198,106
196,119
160,78
169,124
179,139
186,84
195,137
158,120
182,89
178,137
176,148
199,59
153,115
142,104
157,62
148,111
187,75
163,65
190,120
197,114
142,158
192,89
143,87
199,73
174,135
173,94
184,57
199,63
144,148
178,134
173,110
143,73
196,124
148,143
166,118
169,126
168,67
160,147
157,159
165,140
178,120
186,61
198,125
147,68
162,69
156,121
174,68
158,151
184,146
197,143
165,86
155,93
150,107
190,115
163,74
148,123
154,83
172,122
182,50
172,103
182,82
185,65
156,58
148,79
160,129
184,139
168,57
192,124
166,139
195,128
146,73
143,60
169,110
167,51
173,147
188,72
171,139
158,128
176,118
148,61
151,69
184,115
184,65
177,52
147,73
196,116
144,112
182,121
174,105
176,68
165,96
158,95
156,125
161,150
187,89
141,117
141,145
152,83
172,66
179,61
180,64
177,139
142,64
158,54
163,130
166,130
145,97
168,103
198,79
143,123
185,131
154,112
168,82
142,125
173,50
181,91
158,72
160,65
152,102
160,61
158,119
167,63
167,112
191,143
147,133
145,73
147,50
180,138
175,132
144,131
153,153
177,81
142,114
152,53
177,116
172,111
194,65
173,67
162,88
173,63
153,96
178,98
160,156
188,111
181,83
158,51
179,53
168,159
174,159
199,151
148,61
178,147
151,139
183,147
162,129
145,155
159,105
174,110
141,125
166,72
161,112
194,150
183,115
150,138
149,142
148,121
145,73
150,87
182,110
150,50
163,124
162,81
162,160
168,148
155,151
149,116
161,136
186,134
141,129
175,57
147,121
146,65
158,54
184,84
186,72
192,80
196,90
191,139
198,50
160,146
176,72
191,57
159,108
157,77
143,80
188,143
163,75
147,138
169,68
191,86
156,81
182,100
180,64
146,85
198,59
141,128
168,52
161,147
163,68
149,132
141,142
165,130
169,118
147,114
177,141
162,66
167,70
158,154
143,70
158,138
189,92
169,75
186,91
189,146
189,102
194,63
171,98
178,74
187,110
198,146
158,127
168,160
153,95
154,108
185,56
177,110
154,125
160,91
140,147
143,132
194,159
166,147
157,138
175,79
194,87
198,68
147,70
151,56
140,74
163,109
187,95
144,65
185,146
152,119
179,113
145,89
159,102
170,152
198,99
169,96
154,144
142,74
167,105
148,125
169,126
194,147
189,82
151,133
196,95
157,159
149,156
142,105
151,73
171,70
187,113
142,56
177,62
159,80
148,138
183,92
183,123
190,90
142,57
148,135
185,97
181,85
195,84
173,139
175,117
192,157
178,86
186,146
161,72
174,95
171,134
186,89
155,99
149,87
168,94
166,143
147,60
151,83
140,145
157,111
167,97
169,131
155,111
165,157
183,125
167,125
193,73
160,110
170,103
152,61
197,83
189,91
187,142
162,137
163,105
194,143
162,117
179,57
147,113
184,127
166,107
191,80
155,92
148,85
152,112
169,69
169,149
175,102
194,151
178,53
199,153
154,130
191,140
162,104
198,86
140,54
165,108
181,132
151,149
188,119
199,91
160,131
193,73
188,83
173,100
183,93
153,64
154,104
174,116
179,128
197,70
143,65
157,99
197,131
144,135
181,89
167,125
182,89
156,151
181,53
198,136
172,70
175,69
171,129
197,146
183,90
165,102
176,146
160,95
145,133
167,112
175,125
172,137
178,98
173,97
140,122
167,145
141,141
159,122
148,118
151,152
160,131
163,100
185,82
159,55
196,75
165,64
177,99
194,135
144,124
145,113
185,152
184,125
153,125
143,143
178,149
144,159
167,59
142,56
150,95
166,105
167,146
155,137
180,89
162,109
195,148
191,147
169,54
192,156
162,150
188,102
168,79
188,68
185,103
140,132
174,62
177,111
193,88
186,157
140,110
154,55
195,82
153,57
184,59
141,127
168,145
140,142
196,55
163,120
140,126
181,139
163,52
178,142
145,63
173,68
156,76
157,72
170,126
142,126
187,65
183,77
184,134
141,87
167,144
181,136
161,82
152,136
174,85
181,115
181,80
188,119
142,115
188,62
146,108
146,66
184,84
165,116
143,68
159,138
150,72
195,139
161,100
195,81
184,90
187,107
146,126
140,98
145,99
157,155
193,159
186,123
145,157
170,102
168,101
145,81
183,130
173,160
196,81
141,71
145,156
188,76
199,156
153,111
194,69
140,67
150,150
175,69
159,129
159,98
176,90
166,159
191,68
153,75
173,153
164,55
152,119
199,56
187,122
148,97
188,137
177,76
189,159
156,101
176,149
176,131
172,122
194,126
140,83
181,75
160,95
147,70
182,131
159,115
193,70
147,106
183,59
182,155
152,108
177,116
195,158
184,74
173,109
158,148
162,115
198,118
167,73
192,55
169,82
186,71
186,69
154,134
167,66
177,76
155,158
185,109
170,157
152,108
168,57
191,130
141,90
168,101
192,107
143,75
167,75
151,150
187,117
163,123
152,108
169,139
176,74
188,135
149,75
166,93
147,129
195,133
180,145
191,95
184,144
154,64
163,142
157,63
143,144
165,64
155,104
150,85
175,109
168,130
145,125
167,53
140,72
174,71
186,93
166,54
145,138
165,81
194,83
198,143
184,59
194,58
190,152
157,134
164,57
197,81
154,145
189,57
154,127
195,84
168,60
192,138
175,157
142,134
182,148
159,153
186,97
163,62
188,66
194,121
177,59
186,141
180,121
183,112
146,50
175,53
172,106
153,142
142,126
179,125
181,96
185,117
166,70
158,106
163,142
184,159
153,136
151,71
174,53
160,54
192,93
148,98
166,158
191,152
178,157
169,62
175,122
147,105
151,107
155,103
189,94
196,157
172,70
186,119
164,109
156,71
172,68
189,156
150,141
196,97
149,90
144,156
178,99
188,110
181,51
153,54
140,99
146,124
158,121
160,95
145,110
156,101
166,69
147,95
198,152
141,115
181,63
143,92
158,93
140,146
175,94
175,84
192,137
188,108
196,150
149,74
167,145
181,107
151,77
174,76
147,79
171,113
174,80
151,111
151,135
147,116
165,64
184,107
195,51
146,110
198,124
143,57
159,55
195,78
198,61
198,99
189,141
146,103
166,137
184,110
165,59
162,149
140,51
189,104
162,62
163,93
140,94
140,92
197,132
154,145
142,144
181,55
186,128
192,52
172,66
159,129
144,138
147,79
191,148
177,92
182,123
176,123
174,77
165,132
161,75
173,75
169,128
186,122
175,156
156,112
154,85
192,119
150,104
174,64
147,153
187,133
155,128
185,127
181,57
147,118
169,158
199,123
149,135
150,109
158,51
153,134
153,131
154,132
181,56
173,143
183,152
149,71
185,151
158,62
197,50
172,96
156,156
140,105
185,125
179,131
148,90
148,125
178,117
173,62
194,120
189,94
172,50
197,91
146,93
173,152
181,117
140,140
149,62
140,131
186,89
181,156
147,100
158,75
146,132
145,71
183,104
179,136
162,150
171,138
190,63
160,51
146,58
177,76
174,72
192,118
162,124
180,64
184,145
142,120
171,133
171,130
164,124
164,124
165,121
140,93
179,104
152,84
167,108
157,82
159,123
148,94
195,118
160,129
161,84
163,139
141,140
155,155
187,105
141,67
161,60
173,134
173,133
188,125
179,97
170,54
154,53
190,62
159,92
179,135
192,116
163,69
181,56
192,112
141,67
167,84
147,115
168,107
157,57
179,82
191,62
189,55
182,78
154,151
161,99
191,102
164,102
184,80
162,69
196,77
187,117
162,92
178,71
154,74
179,82
155,129
174,73
169,73
161,132
199,66
161,106
173,73
167,71
180,118
177,119
175,127
189,60
174,74
184,129
180,59
176,141
159,76
172,154
188,136
148,105
151,149
141,108
140,77
164,146
173,91
158,69
188,146
155,60
167,119
167,129
178,51
186,112
170,136
161,120
181,147
167,127
155,100
156,88
146,74
184,117
141,93
174,52
155,127
181,95
191,104
194,141
187,136
151,128
143,160
194,99
161,92
176,60
194,87
196,89
170,104
164,133
142,125
143,114
195,83
183,66
184,89
155,91
153,102
185,145
145,111
157,100
191,108
151,104
198,119
199,79
182,97
167,109
186,136
167,55
149,133
160,131
151,81
192,120
167,135
168,55
185,123
179,50
161,147
175,154
194,131
169,68
197,144
182,59
147,53
154,158
148,71
140,81
189,68
191,56
171,102
177,77
178,55
153,72
148,72
147,134
165,99
158,64
152,72
187,121
191,52
174,98
149,50
140,89
158,113
154,95
142,97
175,111
167,89
154,58
145,151
150,141
159,147
185,92
168,52
149,119
183,105
141,77
192,158
168,100
182,156
169,94
180,120
196,75
193,133
161,109
177,127
154,128
184,69
160,116
162,70
150,77
192,77
174,86
171,122
176,50
178,121
159,138
194,115
174,157
176,95
196,105
191,148
180,75
156,60
149,102
143,126
167,109
186,59
191,136
153,79
167,56
170,50
154,73
156,79
186,101
194,64
164,116
150,117
182,54
141,141
150,101
188,75
140,102
155,99
182,146
179,125
190,109
156,143
177,55
166,149
149,110
160,112
171,103
150,55
172,90
179,77
142,86
198,93
170,80
154,125
149,91
167,153
152,137
171,82
176,131
154,129
197,114
154,142
164,61
167,99
143,156
148,142
181,65
174,140
167,111
188,98
187,59
144,105
188,149
151,79
173,69
192,135
161,127
150,108
171,94
141,61
187,140
154,107
142,84
199,145
164,82
171,100
197,129
166,74
164,51
188,81
144,112
158,109
159,53
185,106
144,63
187,156
164,62
167,59
182,116
141,92
193,54
178,70
143,78
199,148
160,95
141,60
162,55
144,78
150,56
141,113
184,96
171,100
150,155
167,105
152,90
147,160
152,98
194,80
152,125
193,91
185,119
157,124
174,62
184,148
154,108
184,113
168,144
170,150
179,105
166,83
179,102
165,87
151,136
156,51
181,160
149,160
150,155
167,80
191,80
159,72
148,105
145,138
197,119
156,102
152,79
188,139
199,116
198,90
179,118
179,136
169,143
141,139
187,61
166,128
166,100
194,81
149,156
184,76
145,70
183,72
152,82
156,133
191,122
146,96
190,134
145,155
191,108
185,154
189,160
193,133
161,108
149,122
143,93
172,55
196,130
165,141
198,107
177,78
196,129
150,101
180,82
160,100
165,84
180,158
192,128
161,83
164,113
163,74
186,84
144,108
148,128
168,142
168,115
191,109
193,150
159,97
150,120
167,53
175,157
165,63
156,119
182,69
165,94
154,70
159,144
148,60
150,88
168,106
172,72
152,145
158,80
155,133
154,105
197,52
163,71
167,97
155,56
173,128
148,72
178,96
173,97
184,71
187,139
181,130
144,57
153,113
185,101
181,115
172,51
194,83
146,116
152,112
192,66
198,80
175,106
191,90
146,118
190,103
175,118
197,148
141,67
158,76
155,150
183,109
158,89
188,100
157,101
153,74
182,78
150,50
152,127
172,77
170,99
174,82
186,102
168,87
199,59
166,56
175,129
156,158
176,77
157,83
164,136
193,108
158,107
159,94
153,75
143,141
157,80
148,63
191,104
146,58
152,66
149,99
160,122
191,153
183,120
156,51
142,160
155,121
188,81
156,122
168,117
164,142
195,89
172,60
195,59
170,118
168,92
199,65
183,141
199,138
195,62
160,80
177,92
192,124
185,70
192,144
161,94
156,121
140,97
161,90
187,91
148,79
194,61
154,153
172,137
157,127
156,53
178,97
185,136
172,113
170,72
160,115
197,73
169,132
183,60
162,67
151,154
147,115
196,87
142,106
162,134
145,59
181,134
141,119
195,142
186,154
144,112
159,127
145,144
191,152
160,59
151,78
193,117
184,82
146,115
162,91
198,158
168,100
186,105
174,67
199,67
199,150
178,126
141,135
173,135
140,87
175,100
192,59
175,124
166,152
187,116
141,96
154,59
162,160
155,103
141,153
176,151
193,67
145,137
171,117
175,131
179,51
190,123
168,67
175,81
157,72
195,116
176,77
158,97
149,95
140,121
165,146
161,92
188,114
177,151
148,57
187,80
163,155
188,68
181,70
180,154
183,72
178,51
151,85
144,84
164,67
140,108
180,156
196,130
186,124
149,160
167,118
196,126
160,131
172,88
155,62
167,142
190,51
163,80
141,71
152,142
143,121
154,110
188,99
150,100
149,142
156,101
141,73
172,153
156,96
142,119
162,61
141,159
153,136
168,83
192,94
158,75
142,114
165,55
165,66
167,81
176,116
174,53
186,158
149,82
193,91
186,116
146,91
194,119
171,115
193,50
162,134
190,65
170,79
188,134
185,95
179,153
173,119
161,95
156,78
193,101
156,92
156,133
162,152
183,78
186,93
187,105
141,88
152,110
179,121
183,86
174,90
171,88
143,147
178,52
146,71
168,126
145,104
177,94
159,89
159,147
193,92
188,137
193,73
194,129
196,57
178,153
151,90
165,123
163,85
192,88
169,77
188,121
196,92
193,62
197,111
176,115
153,81
153,140
168,129
192,68
184,131
172,111
140,73
144,63
150,80
173,131
141,111
163,145
197,91
175,106
189,134
152,104
188,51
152,88
193,53
188,113
179,116
172,128
178,157
182,85
162,56
191,75
199,116
190,55
154,140
167,59
163,132
146,58
176,79
189,69
198,126
195,58
176,131
190,107
181,58
158,65
141,88
150,123
174,130
179,76
189,52
165,98
196,87
183,97
152,103
192,114
185,51
163,158
168,87
151,140
175,139
176,86
147,82
145,82
196,79
141,129
155,56
151,140
199,76
141,125
182,100
152,99
162,54
192,131
191,70
157,148
183,122
198,87
155,86
162,117
185,87
173,62
149,159
160,107
176,159
175,128
141,109
169,51
147,76
148,56
143,63
160,108
165,104
163,154
174,58
156,58
183,129
178,155
156,116
147,142
174,117
142,91
141,60
168,67
181,107
183,131
181,122
178,57
166,132
191,70
165,127
187,143
151,55
146,89
195,96
140,137
147,139
143,160
177,131
164,110
164,156
179,93
163,80
198,87
164,106
173,112
164,76
157,61
162,82
170,158
174,83
184,88
196,85
141,154
171,89
169,91
196,68
143,92
183,156
174,147
170,137
161,139
197,98
157,65
167,79
186,125
198,52
168,71
159,78
140,97
191,129
187,139
175,158
140,153
199,136
180,78
190,101
172,156
167,104
159,110
191,128
191,104
165,72
194,82
166,64
179,139
180,121
166,90
163,91
199,99
190,139
194,153
176,151
163,81
140,137
157,155
173,68
180,85
149,68
177,143
175,124
143,88
189,95
170,85
183,97
184,123
193,118
156,58
158,125
157,157
168,145
157,105
190,129
169,142
175,82
148,109
144,58
184,90
149,76
176,104
156,84
195,139
183,142
146,150
162,134
183,123
186,73
177,141
199,127
161,133
161,91
175,128
195,124
190,121
151,156
144,74
180,116
199,159
145,154
171,137
140,74
158,65
177,126
183,131
156,55
194,136
193,59
161,122
169,79
149,136
155,146
181,96
174,95
144,122
167,147
175,126
180,64
173,84
153,99
141,82
162,57
182,101
199,76
189,89
155,71
155,150
143,116
156,83
147,67
140,52
179,73
161,52
146,55
145,50
168,52
171,157
164,126
149,93
143,100
182,128
187,138
153,123
142,139
155,52
155,93
193,155
188,70
171,112
148,153
184,149
164,61
194,90
156,116
182,116
198,103
173,133
148,137
185,129
141,92
162,63
169,117
173,150
166,85
182,54
151,56
144,51
175,66
172,143
149,56
161,138
175,152
183,155
161,152
180,151
199,149
146,118
186,67
146,74
184,105
167,118
180,147
149,59
198,155
148,67
153,103
183,103
154,150
175,80
183,80
172,137
190,125
176,64
165,128
193,112
180,71
198,65
164,121
152,81
169,65
196,160
159,104
193,159
141,152
164,92
193,143
164,127
158,140
147,84
165,59
169,160
160,128
164,96
169,104
193,120
179,116
171,79
153,74
169,53
156,90
187,57
181,79
159,110
195,51
182,67
187,72
196,109
162,136
153,140
161,77
194,90
154,80
192,124
183,93
167,89
157,115
170,124
156,63
154,97
192,145
181,105
159,156
184,96
161,54
157,96
158,94
181,60
170,122
191,126
140,56
151,65
151,92
158,74
179,124
184,157
154,133
149,129
150,123
146,158
140,97
145,138
166,111
153,133
196,141
149,155
149,99
140,110
170,63
186,149
151,89
172,51
154,118
158,72
191,152
145,98
167,121
157,122
181,125
166,127
188,122
183,50
143,158
166,60
174,92
192,95
194,110
176,82
162,125
179,60
185,94
163,68
195,73
175,131
168,132
194,144
179,110
146,125
147,71
164,94
180,96
188,68
154,101
140,141
157,99
161,60
164,126
195,82
149,94
142,129
169,125
166,146
169,61
187,57
161,97
140,89
194,108
147,50
170,100
172,105
161,65
192,129
167,56
197,69
185,56
145,86
171,58
175,100
190,121
172,112
185,142
169,158
186,55
166,77
144,88
191,65
170,93
152,135
197,60
166,113
187,136
195,70
189,54
140,79
158,67
166,69
146,93
194,104
183,87
155,95
183,69
144,51
157,107
181,130
194,78
187,153
194,62
171,127
181,85
178,157
162,70
154,106
175,124
164,136
181,154
184,56
178,88
168,117
181,50
162,114
193,116
173,101
187,122
162,75
189,120
183,100
190,121
192,54
150,55
185,126
155,67
180,84
153,83
179,128
197,104
176,107
185,100
140,75
179,110
140,102
156,86
192,64
144,100
181,66
199,92
195,119
186,76
171,96
141,62
166,65
155,81
147,117
161,75
154,105
166,100
178,113
168,88
191,141
176,160
199,137
143,143
183,80
173,65
142,125
186,94
175,58
147,67
151,123
173,86
194,148
189,60
181,86
183,53
146,68
169,94
186,125
175,124
152,91
142,80
195,129
151,79
175,118
176,145
161,79
147,50
146,121
185,110
177,105
150,113
159,99
154,104
195,103
158,86
170,51
179,83
188,151
191,96
149,115
167,127
188,60
183,118
176,79
181,101
181,51
152,67
199,159
169,136
191,53
171,151
169,99
162,100
159,70
192,114
157,159
154,67
174,84
199,87
187,132
188,64
149,76
160,149
163,123
187,85
167,64
143,125
152,55
191,139
173,147
195,79
199,144
169,120
146,148
144,81
150,152
170,119
194,128
167,154
168,104
159,71
146,116
189,154
144,112
168,104
199,146
185,136
159,60
199,94
157,139
169,156
140,91
148,110
175,96
167,81
192,56
176,59
181,53
194,69
194,121
187,67
174,95
141,60
142,113
171,118
194,135
155,109
185,71
140,81
183,97
181,110
186,69
150,155
179,78
171,101
186,119
174,117
151,104
196,133
195,151
156,120
182,71
183,104
195,71
170,142
161,154
143,94
156,156
145,62
164,112
185,138
165,78
189,140
156,110
191,152
175,125
166,110
172,88
158,136
183,86
180,50
169,61
197,118
181,81
199,50
157,121
180,96
192,73
180,55
188,90
183,69
199,50
165,145
169,126
193,146
144,50
190,141
157,104
166,75
176,140
148,129
155,104
197,125
162,157
157,103
198,67
199,136
184,61
153,51
143,95
175,85
165,83
165,107
190,96
171,151
166,152
162,76
142,147
169,125
163,102
158,154
187,88
178,99
150,157
157,73
185,128
197,130
189,98
188,116
148,102
160,82
149,90
151,60
159,51
166,63
166,56
159,58
187,156
164,90
165,157
143,91
194,114
167,126
153,54
180,127
140,136
183,61
169,61
195,84
181,157
146,59
163,111
172,146
166,113
184,101
192,94
167,68
173,77
144,85
161,81
184,150
146,121
172,97
178,107
177,78
149,153
195,106
168,144
191,75
160,152
194,149
161,68
199,134
156,132
164,130
183,54
192,157
195,134
154,110
162,130
179,54
150,114
151,153
144,149
168,77
164,159
178,50
159,133
184,128
192,60
159,101
197,107
198,82
145,59
178,135
195,158
177,69
195,127
154,159
160,119
143,129
150,112
186,74
140,130
183,121
146,95
148,136
173,136
146,127
145,152
174,143
180,137
192,143
146,86
167,129
171,87
161,103
143,151
177,57
148,121
149,126
144,141
199,64
163,139
180,71
144,109
184,119
169,76
170,132
182,130
192,67
145,145
182,155
196,78
185,135
158,99
146,155
168,102
170,153
156,136
199,75
141,111
145,90
154,68
199,64
153,137
192,51
195,74
161,114
178,66
191,109
155,115
157,79
151,135
190,57
150,156
141,106
178,143
184,140
198,111
154,145
171,60
182,50
141,139
198,108
154,53
182,60
194,102
178,135
165,140
193,101
177,61
142,62
183,83
190,64
158,77
180,105
152,99
175,148
192,138
150,157
192,77
163,109
189,122
159,80
194,127
172,109
152,103
176,82
164,116
157,122
186,127
166,126
174,67
178,157
161,109
196,160
168,117
176,92
156,50
188,52
192,136
142,93
151,117
156,137
190,64
162,132
147,54
162,73
192,136
177,105
158,67
163,158
161,85
169,109
168,101
178,129
142,91
184,141
159,160
162,150
166,59
195,123
196,118
148,72
175,76
144,58
161,75
194,110
158,94
171,124
161,89
145,67
147,77
168,103
142,132
172,70
195,155
159,140
199,116
161,54
167,78
150,63
191,156
165,52
149,103
191,116
177,55
191,68
179,107
145,54
176,83
187,80
176,93
191,149
191,159
160,138
169,116
141,140
158,143
185,141
190,91
162,143
197,127
174,52
183,121
176,131
199,92
186,158
188,116
190,75
186,137
153,105
164,111
190,132
150,112
142,146
141,159
182,118
159,78
188,108
142,65
197,159
154,97
172,83
152,68
149,102
143,112
144,140
185,130
176,108
190,150
161,63
197,155
191,124
192,117
158,131
173,137
143,66
170,143
178,86
197,79
171,152
196,79
186,80
164,97
159,111
159,103
159,102
144,100
198,144
174,159
183,159
173,89
175,139
177,136
161,83
142,122
155,139
162,156
175,121
190,146
184,123
198,81
164,125
159,72
180,74
162,86
166,117
185,132
162,92
163,121
164,143
164,99
157,146
183,93
149,96
166,138
174,70
180,134
157,75
169,129
169,154
149,121
169,88
172,134
170,154
177,79
144,75
162,126
164,122
172,107
190,70
192,121
152,74
187,79
165,60
183,100
187,149
191,112
158,121
152,76
194,67
174,91
171,95
192,103
169,150
167,69
171,102
141,74
174,130
167,126
141,121
191,106
185,64
190,51
171,134
145,62
191,84
147,92
152,106
155,79
178,62
187,157
176,51
195,104
172,96
168,130
158,88
195,102
147,83
199,81
146,98
152,50
177,134
184,156
190,127
154,149
190,82
198,121
148,138
174,113
169,80
172,76
171,133
142,151
184,90
146,59
199,132
184,154
179,99
143,112
146,142
155,124
173,106
185,129
173,97
188,98
170,109
154,99
192,116
182,123
162,85
154,121
192,143
194,61
157,54
161,55
148,124
154,150
198,82
169,96
156,140
156,133
145,148
195,145
162,72
199,93
176,93
143,143
194,88
158,101
166,81
182,75
179,90
160,90
181,151
140,149
150,51
187,89
146,76
191,120
191,96
190,128
178,51
193,141
175,119
196,65
173,96
197,65
146,160
181,129
158,124
140,107
142,133
147,119
146,63
185,151
145,102
149,96
183,125
149,147
177,134
162,62
191,70
151,135
142,153
160,136
159,134
151,134
149,138
191,140
150,150
143,101
171,93
166,120
148,148
174,73
147,140
186,58
194,113
171,88
171,155
146,154
155,104
171,105
193,117
169,105
184,83
160,69
190,98
175,79
191,105
162,155
197,79
168,93
176,55
159,63
159,107
157,106
161,100
182,119
198,137
166,109
153,144
145,71
144,89
179,145
182,75
185,76
197,148
186,57
159,159
155,125
152,131
140,113
152,104
178,56
148,91
149,156
164,88
191,137
158,106
194,132
153,71
164,122
192,149
170,120
187,68
161,79
172,54
193,93
168,50
166,118
164,79
190,60
174,54
189,136
192,86
198,130
180,139
153,96
162,117
171,151
186,116
189,112
141,66
176,146
166,131
159,151
187,130
155,101
188,128
167,113
165,142
144,131
162,105
180,104
179,118
168,130
156,141
191,153
170,118
152,134
184,127
193,100
198,73
151,158
198,143
158,100
174,88
199,65
196,121
191,99
181,75
151,142
178,138
199,119
188,152
146,59
167,159
186,55
141,54
184,74
185,141
164,151
170,118
175,78
154,54
189,141
173,143
163,114
160,71
153,64
198,85
159,120
159,116
147,96
141,79
142,117
162,81
171,155
198,140
179,104
144,106
162,50
189,112
166,89
176,147
150,131
186,124
183,146
141,93
187,89
177,115
166,114
162,97
143,66
152,101
195,113
198,133
161,68
174,159
148,126
169,110
145,152
172,118
151,85
173,61
183,145
187,54
152,149
196,133
196,90
168,135
147,128
164,103
154,71
152,144
165,71
163,136
166,138
140,88
170,144
162,89
175,155
168,159
153,93
170,131
153,106
184,68
190,91
183,90
160,140
178,83
141,78
169,151
165,97
174,133
186,83
177,51
157,56
198,96
189,142
151,96
157,115
179,132
147,106
155,121
173,67
193,152
146,129
178,123
172,159
161,109
157,62
190,54
182,105
147,84
160,68
168,146
174,142
152,109
190,114
167,124
152,123
172,63
171,148
184,107
163,124
186,131
151,78
158,71
148,51
189,107
178,78
185,134
181,158
164,159
198,73
143,129
154,89
165,115
146,129
166,155
151,118
189,135
193,105
167,51
143,153
158,160
165,138
167,141
190,118
140,108
146,80
146,158
147,128
145,160
186,116
151,146
164,51
162,145
177,133
157,51
175,73
193,130
168,77
168,58
153,114
157,148
174,67
181,111
174,78
147,76
151,93
193,91
170,158
149,132
184,146
148,152
154,83
195,54
143,110
157,80
142,128
177,72
182,79
178,101
197,158
176,55
174,144
149,88
180,148
168,82
140,128
172,114
150,106
140,54
188,149
148,92
198,63
198,72
186,89
197,156
141,147
178,77
170,84
183,130
173,97
179,135
148,141
197,89
144,59
141,93
179,82
177,98
172,97
191,82
160,111
140,91
188,66
196,92
192,115
191,84
187,95
153,149
197,59
168,84
165,72
171,143
146,123
185,53
194,134
154,153
163,107
195,145
182,158
153,104
175,62
142,121
145,93
187,64
170,99
198,71
180,81
154,66
198,142
193,55
188,114
140,87
152,130
184,56
148,57
148,159
175,109
189,135
181,101
153,84
196,113
152,151
169,98
177,84
166,120
169,139
179,157
161,143
151,140
162,148
162,159
149,146
184,124
171,85
162,160
158,63
174,154
166,159
141,104
142,125
186,144
177,137
162,158
199,96
156,107
154,148
167,99
169,71
182,129
172,138
154,92
184,83
162,141
149,53
165,140
185,73
146,55
196,85
174,144
192,144
184,77
192,64
166,71
150,143
144,152
174,72
148,147
168,105
177,121
179,129
166,142
140,149
158,138
189,114
175,130
168,87
175,125
144,143
189,123
147,116
195,89
198,143
151,92
169,149
188,121
158,159
180,134
187,99
150,156
142,121
186,72
142,128
189,86
199,133
181,95
169,60
196,82
190,50
159,154
150,120
172,83
192,109
147,122
165,58
145,82
154,131
154,154
193,58
184,140
166,138
177,97
166,154
181,100
153,104
174,83
193,60
164,76
179,160
186,149
198,86
165,92
141,66
176,68
198,92
183,76
195,100
178,107
156,59
184,71
186,109
173,112
172,87
173,57
182,103
141,51
170,83
172,66
152,119
173,72
164,137
166,108
194,114
189,73
165,114
185,107
178,118
195,67
158,112
181,84
183,146
192,143
172,80
188,56
168,119
195,66
185,109
175,89
172,58
150,87
167,137
153,79
141,145
190,78
199,90
193,109
140,125
160,144
191,130
169,158
194,116
161,59
181,89
173,110
158,67
185,95
168,127
178,97
190,131
184,67
141,136
160,123
196,121
141,156
189,127
189,119
185,53
190,118
197,140
158,61
163,94
151,85
169,50
154,57
173,105
195,154
182,111
179,92
167,58
148,77
176,64
157,104
194,57
199,80
164,95
141,110
162,57
158,91
164,65
166,64
149,104
141,135
184,59
173,146
173,134
140,113
158,96
164,111
170,158
170,74
164,134
195,61
178,93
161,104
173,123
141,74
187,83
150,125
163,104
165,136
154,111
149,95
143,146
140,139
147,138
167,105
179,116
150,93
180,68
170,57
141,88
178,82
159,113
154,82
187,145
189,114
180,126
181,66
186,131
170,115
176,158
194,53
165,90
153,119
159,50
191,51
164,140
169,112
145,120
142,150
186,101
196,76
167,103
158,153
191,132
154,133
144,113
187,151
155,66
162,104
177,138
145,72
171,71
198,127
157,65
146,102
173,111
151,99
149,117
144,106
195,82
142,75
153,68
163,157
179,115
156,148
168,111
170,69
165,55
199,77
181,131
156,58
169,51
166,128
176,148
140,136
142,91
191,148
178,138
197,149
160,120
189,52
160,51
182,140
187,128
156,75
156,148
155,107
172,103
181,85
170,154
184,156
178,157
172,67
180,63
187,129
167,82
154,72
197,144
175,160
187,120
152,106
175,66
143,106
177,119
174,84
154,135
172,111
191,136
158,116
144,80
175,147
142,73
165,66
141,110
160,107
182,90
197,76
149,150
144,66
193,76
198,90
159,96
179,113
156,77
169,80
160,148
173,155
163,108
176,112
155,78
156,143
162,100
192,122
180,156
146,99
163,85
182,96
141,89
199,148
197,51
187,97
151,118
155,151
142,72
147,91
188,149
140,128
197,129
163,149
140,145
162,52
144,153
192,136
192,80
168,139
152,92
152,70
197,63
145,56
155,146
152,57
179,73
183,152
197,133
192,80
165,63
190,114
153,122
157,61
193,154
181,91
194,95
147,142
152,74
142,123
144,92
198,64
173,82
188,129
165,129
157,122
165,84
177,160
169,155
158,112
190,127
163,101
148,72
150,62
144,145
190,54
146,154
175,111
191,131
190,112
179,92
160,129
149,151
180,74
177,52
141,51
141,62
165,89
165,68
148,152
174,95
169,80
176,151
177,148
198,79
174,150
167,100
182,96
197,63
180,67
166,58
187,83
170,85
144,78
161,98
143,160
157,95
196,116
162,76
145,131
172,140
146,140
141,82
183,133
155,54
153,63
150,72
193,150
183,73
196,88
160,68
160,66
181,140
165,142
190,63
159,137
161,145
184,62
141,71
146,117
195,100
152,126
149,66
167,148
157,101
143,85
175,153
175,127
162,77
170,147
141,143
147,66
144,131
170,57
180,120
193,137
196,69
178,103
173,128
186,143
153,76
170,148
148,105
169,134
150,145
147,135
163,52
185,117
163,125
159,99
148,139
192,66
177,68
150,98
186,66
198,113
163,74
192,71
192,155
165,113
163,156
179,117
194,122
185,61
184,156
175,116
175,142
186,53
148,69
175,118
191,140
161,110
168,97
199,71
161,150
188,81
171,135
174,98
160,75
143,62
197,71
146,64
151,72
165,110
176,155
153,68
172,96
163,53
161,63
166,75
198,79
191,98
184,85
150,78
186,94
172,127
190,55
141,53
151,95
179,50
183,122
141,86
169,109
164,77
166,159
178,123
189,101
168,129
169,64
167,147
169,90
183,95
148,78
197,112
178,57
185,80
144,134
196,98
151,112
173,95
192,152
145,158
184,54
142,99
144,132
191,157
173,116
147,122
154,115
171,68
141,146
140,145
163,123
166,102
166,92
151,108
195,57
152,55
148,53
174,53
184,63
173,138
144,150
146,75
151,110
198,74
160,109
172,143
191,109
175,140
158,133
182,113
154,129
158,62
176,65
140,72
167,156
152,151
197,131
181,151
196,83
179,81
181,93
185,116
142,55
141,58
148,144
165,120
171,76
160,66
150,156
160,113
167,118
186,85
167,73
197,121
183,131
160,104
147,126
190,108
177,135
161,122
166,67
186,140
148,136
185,133
162,159
193,76
184,56
163,66
151,136
175,139
142,51
142,152
196,98
144,86
148,76
190,78
189,74
151,93
149,159
168,81
198,132
193,115
199,124
143,99
146,130
146,119
160,75
145,51
173,52
145,100
179,137
193,144
194,145
177,66
192,110
197,57
145,101
187,57
144,149
160,97
182,128
168,73
186,112
190,62
169,148
174,55
167,63
189,134
174,73
162,65
169,139
176,65
193,76
164,62
166,83
183,113
176,67
157,116
196,90
150,106
161,144
190,69
159,152
191,117
156,74
196,109
161,98
160,90
159,87
186,105
190,135
144,68
168,160
143,121
169,79
174,110
183,78
167,129
167,53
179,110
197,102
180,136
160,72
157,53
178,64
180,87
145,155
173,89
168,74
162,69
199,68
167,87
148,96
143,91
178,82
140,145
193,69
146,149
143,97
159,90
153,105
177,157
148,108
193,122
197,57
181,104
158,80
144,68
197,147
179,145
172,71
156,65
151,108
179,149
163,120
158,151
185,126
158,121
166,75
163,90
190,61
154,156
141,87
145,123
159,124
172,119
196,120
165,71
163,107
176,126
194,147
146,58
148,55
160,149
160,96
170,84
183,75
180,71
144,100
169,85
142,150
160,52
171,95
154,120
199,104
197,139
148,159
186,97
146,54
171,124
168,115
163,143
190,109
167,51
165,83
177,84
142,97
153,58
147,118
158,76
145,56
151,135
143,55
151,129
147,95
151,109
161,91
175,134
185,64
162,77
146,111
143,112
181,103
145,100
197,108
144,149
181,69
162,112
156,85
179,97
190,139
182,73
193,101
180,95
174,156
162,105
168,129
171,141
146,134
171,156
199,118
168,153
173,55
185,118
199,118
175,53
161,126
143,111
186,144
151,90
151,125
165,118
145,114
165,137
185,96
151,88
142,160
160,129
149,99
183,101
181,51
186,62
182,131
176,146
161,50
190,122
171,131
179,106
181,58
173,58
158,69
153,146
175,63
145,57
176,96
155,50
195,117
168,124
195,112
145,141
144,142
174,58
174,93
167,110
168,92
184,91
144,50
155,86
157,55
157,152
182,114
145,108
184,147
150,89
154,106
156,73
186,123
187,70
158,128
159,79
163,75
140,149
184,144
150,157
182,150
155,118
189,86
180,155
199,124
169,56
197,55
182,89
177,51
152,120
191,152
199,110
183,147
147,101
149,64
185,132
175,127
172,127
180,83
160,115
160,99
140,65
141,130
193,150
143,144
181,138
171,106
179,146
181,59
165,154
181,119
161,99
195,114
193,132
192,136
142,98
147,98
174,71
181,144
141,53
198,117
188,91
178,65
158,158
189,110
178,69
188,94
187,118
148,116
188,160
162,69
177,87
188,126
151,112
156,53
170,99
196,123
141,123
195,83
154,159
182,159
171,91
194,109
181,114
166,79
188,115
151,112
144,123
158,115
159,52
155,120
157,155
193,79
194,74
162,62
188,144
161,130
162,69
163,75
199,60
181,54
188,150
148,97
196,102
187,97
180,87
180,52
186,130
172,97
146,86
197,97
159,157
195,89
159,106
143,149
173,149
157,135
152,151
155,109
176,112
187,81
164,101
146,119
180,146
158,145
149,147
151,77
156,130
186,151
162,65
188,80
166,158
155,93
180,147
159,152
148,62
174,90
179,92
141,74
162,70
172,151
173,87
140,82
163,143
180,87
192,144
188,138
154,74
149,76
179,72
147,68
157,137
194,119
183,66
181,71
150,112
141,148
180,100
148,115
172,112
184,96
142,97
157,76
175,104
166,75
164,50
154,143
198,91
168,124
189,59
147,152
176,105
161,126
183,137
194,96
140,102
154,98
187,110
189,95
177,139
179,103
166,86
185,67
188,139
176,142
146,93
141,120
192,84
155,160
198,52
154,113
163,97
148,86
195,126
146,110
181,148
149,66
185,66
195,95
181,122
163,84
182,142
183,81
147,142
185,69
192,121
186,64
162,76
167,135
151,125
151,81
142,148
195,61
150,119
149,85
171,119
170,157
192,152
183,96
145,152
197,150
174,90
161,80
150,141
171,55
170,106
160,95
157,157
147,113
143,143
188,69
183,61
198,154
179,137
174,158
145,102
161,73
177,82
149,80
160,93
192,155
163,126
157,75
154,95
142,86
157,122
149,79
189,121
177,100
184,160
182,130
144,58
149,64
196,119
187,152
159,128
171,89
198,152
180,50
181,68
151,131
190,90
178,52
157,132
147,118
146,75
143,131
150,109
175,86
177,105
165,97
140,150
148,154
178,110
186,129
147,149
199,98
188,90
141,140
161,115
186,160
190,107
181,160
169,116
149,74
147,138
141,77
169,57
187,77
191,94
183,129
174,101
169,122
198,50
165,61
197,132
195,96
170,139
191,95
167,117
187,114
192,72
193,126
145,114
183,156
153,116
148,51
193,101
166,79
176,56
175,120
169,110
161,103
142,53
163,62
151,130
172,103
140,107
150,66
158,160
168,78
165,81
199,160
144,121
150,160
180,88
171,70
176,150
158,145
157,110
193,140
141,149
154,119
175,158
149,150
183,82
142,58
158,128
167,107
179,158
144,50
150,60
184,86
189,142
169,148
149,137
162,77
191,59
146,146
151,50
153,155
148,94
157,113
176,126
154,146
143,55
163,146
172,55
152,70
162,135
178,105
176,56
162,132
150,113
187,72
154,50
161,61
159,88
176,121
147,117
170,69
188,76
186,138
186,77
144,80
196,63
165,72
141,94
158,74
164,133
187,74
193,98
192,114
157,68
199,126
164,133
141,108
174,137
170,159
178,145
150,89
185,145
193,102
153,149
150,102
187,102
180,84
164,153
163,119
152,144
191,157
171,76
176,107
158,113
184,69
150,50
153,114
198,79
189,82
196,119
148,57
197,138
170,53
170,54
169,134
168,101
168,64
146,115
178,75
175,109
157,90
162,102
140,148
152,136
148,160
168,80
188,89
197,101
163,130
197,158
153,92
187,133
178,127
141,86
188,107
181,95
158,98
190,84
151,122
172,51
192,135
184,97
177,61
160,135
164,106
177,64
148,142
194,62
183,74
149,104
144,150
146,119
144,100
183,141
143,87
148,92
156,51
157,158
185,133
194,68
166,67
194,75
142,61
153,130
199,68
141,57
160,93
187,144
168,85
191,61
173,124
177,119
167,103
160,80
196,123
169,103
170,129
171,68
159,145
145,86
159,110
155,85
165,92
191,77
168,159
185,148
146,129
193,100
171,125
191,67
172,96
186,61
155,126
186,111
180,52
145,123
159,156
186,88
186,124
189,56
184,115
143,111
199,138
197,156
177,109
195,147
190,117
151,120
169,72
185,98
153,70
166,73
179,132
182,139
168,158
152,152
155,141
149,140
187,92
154,98
150,111
177,69
144,125
197,63
190,50
190,88
168,80
191,108
195,111
193,100
181,93
193,108
160,100
197,88
183,75
189,113
162,144
142,139
144,102
160,62
177,115
144,115
146,154
174,56
153,110
188,129
161,153
172,116
151,56
157,139
184,123
190,57
165,78
155,149
141,72
176,127
174,78
152,110
161,131
190,123
143,59
144,66
184,101
146,91
158,76
187,158
162,156
149,149
196,76
157,66
145,68
174,75
183,88
142,79
160,111
198,151
187,140
156,110
171,115
141,110
178,123
151,51
149,117
157,129
171,116
158,56
155,73
193,73
157,93
148,143
189,69
180,100
168,96
163,62
160,128
140,73
175,76
172,92
172,122
190,111
171,79
168,123
150,100
142,70
162,84
172,121
176,145
148,62
171,146
174,103
165,150
190,107
146,135
194,110
186,80
149,86
186,66
157,137
159,144
160,100
191,59
153,156
140,147
177,131
147,150
171,59
182,157
168,121
148,144
148,94
145,136
193,143
175,144
153,121
195,117
164,97
167,136
161,105
150,106
160,87
156,74
153,118
164,83
146,86
175,136
199,100
175,91
193,87
175,135
157,151
154,152
167,75
151,141
175,58
170,87
170,137
181,133
198,131
153,128
166,51
169,139
175,159
160,103
144,110
196,72
186,158
166,68
170,82
199,85
143,96
190,146
168,119
186,114
144,68
163,106
173,154
151,149
177,124
177,137
151,60
183,92
165,66
192,79
141,105
143,126
193,99
179,93
169,144
150,50
147,151
169,89
145,114
198,158
140,102
178,70
170,95
144,141
164,101
191,71
195,85
155,119
167,87
178,127
143,58
181,139
161,139
168,131
173,94
145,54
199,133
166,70
188,100
175,110
184,65
145,105
158,151
175,133
181,77
161,78
147,103
174,69
160,61
154,111
192,143
160,96
146,144
192,160
170,111
185,81
140,85
174,134
181,138
167,101
174,87
186,113
198,128
147,151
178,63
153,136
169,124
161,131
169,121
165,74
153,139
183,108
165,58
187,146
175,67
161,108
190,80
151,130
187,82
143,95
199,125
170,72
167,151
193,143
164,135
159,150
193,62
144,157
144,101
194,154
143,98
196,148
149,97
157,154
159,69
149,90
191,53
176,61
177,140
165,107
149,82
164,85
181,155
165,133
151,148
181,58
183,59
199,112
156,102
190,131
155,117
146,138
164,110
169,102
155,52
155,123
176,97
171,71
179,144
199,124
164,100
171,119
176,79
159,72
179,65
149,95
178,59
166,110
154,102
155,54
196,65
179,66
147,77
163,66
149,134
169,93
145,144
175,132
189,151
144,131
162,160
165,138
175,73
146,139
191,120
169,100
157,105
171,68
172,138
174,124
166,86
170,131
159,155
181,160
182,94
157,75
156,64
154,101
163,82
172,98
163,70
172,98
145,108
199,129
176,158
185,78
180,106
149,141
175,106
159,104
180,55
183,102
193,100
144,60
163,101
164,110
194,75
145,155
194,103
197,112
177,150
174,63
150,58
167,130
192,74
149,73
172,53
175,68
177,140
175,113
195,142
171,108
150,141
162,133
170,98
168,123
146,105
144,57
146,128
183,54
164,63
155,109
162,154
168,83
184,149
179,137
188,72
147,89
170,110
153,122
142,109
179,147
191,53
169,146
162,78
174,137
161,115
179,139
185,72
189,53
160,56
170,133
184,58
180,154
144,58
157,92
173,81
166,61
166,70
162,123
144,114
151,117
195,128
177,153
197,54
184,77
156,71
196,129
147,102
178,88
178,97
150,94
187,98
187,96
157,83
198,153
140,52
177,128
199,116
165,157
187,150
181,100
174,51
187,144
176,120
171,107
193,151
171,64
167,65
178,65
160,146
162,125
173,123
154,64
199,71
171,152
171,93
177,158
143,157
189,117
159,117
155,61
186,157
183,158
184,150
196,138
182,62
171,151
197,149
148,104
166,140
184,54
172,109
170,157
140,93
181,158
141,110
159,86
146,107
177,58
192,54
144,153
177,130
146,67
186,154
194,140
169,100
142,109
178,67
150,129
198,135
149,62
164,79
191,147
148,136
160,101
158,81
146,52
186,156
156,139
158,146
193,65
179,50
195,148
194,93
180,159
183,63
193,87
175,134
192,159
155,110
187,74
142,156
181,94
192,63
150,92
172,121
180,58
164,138
156,117
177,105
154,63
194,80
188,86
152,116
156,62
198,57
143,156
181,159
162,79
193,56
171,138
175,83
188,112
166,78
175,110
195,80
176,81
164,56
187,65
178,99
149,127
173,113
168,135
155,50
198,98
187,158
179,159
186,101
184,70
189,151
186,118
173,62
176,160
179,103
166,117
155,111
144,138
184,127
186,123
182,147
168,72
167,157
148,112
140,114
174,74
160,90
199,154
195,129
155,147
146,114
189,101
179,84
154,137
167,97
188,105
158,148
144,94
144,158
149,159
193,130
148,105
146,64
146,51
175,122
161,146
164,136
171,63
151,92
140,125
140,150
167,100
150,58
143,110
187,121
148,79
157,71
157,128
154,72
150,51
179,111
159,79
146,88
144,138
185,97
159,102
140,65
192,145
142,145
183,80
183,112
160,56
188,118
160,62
187,81
189,113
165,146
176,70
161,117
169,115
195,93
182,55
196,71
154,89
187,55
185,122
172,147
190,58
161,110
192,63
170,158
155,88
189,50
161,68
194,143
167,77
170,86
140,86
147,109
184,120
157,134
142,74
199,136
159,121
193,148
157,66
172,86
174,106
171,82
140,76
163,90
165,125
199,69
143,94
148,90
144,106
154,129
166,156
173,53
183,145
146,75
195,115
185,159
198,73
195,146
162,82
145,57
140,122
198,95
140,109
171,73
171,91
178,88
161,155
190,52
145,101
188,120
149,122
146,102
153,51
142,67
189,74
192,97
174,105
143,56
155,55
188,159
182,104
165,134
151,112
147,158
198,134
146,103
174,123
189,67
172,112
159,59
161,138
199,156
184,123
187,155
143,152
162,152
148,122
162,85
171,91
152,76
165,74
191,156
176,102
163,152
149,94
150,84
140,63
151,151
175,135
198,66
169,53
175,52
141,131
191,109
163,65
188,131
189,66
189,69
173,68
185,62
160,68
179,149
184,105
164,148
172,105
199,95
189,54
164,111
178,120
148,82
153,153
151,87
140,156
144,119
147,124
167,93
154,71
164,62
182,136
184,122
166,63
147,96
153,153
175,113
156,61
170,108
174,152
147,84
193,117
198,114
169,102
156,56
155,59
180,60
178,104
157,145
192,123
145,64
164,68
147,130
182,92
194,106
152,108
164,54
197,102
169,109
192,93
156,134
184,63
181,108
188,71
181,76
192,125
167,60
178,95
190,112
143,101
185,121
149,75
153,138
190,140
168,82
174,81
184,137
150,69
196,143
174,98
173,152
147,137
160,69
169,56
162,53
161,112
194,152
150,81
148,50
157,97
190,117
186,87
186,125
177,55
165,132
195,152
183,117
183,72
147,104
157,126
185,100
194,152
173,109
179,155
167,113
156,125
188,130
178,151
177,75
168,113
144,75
147,155
182,133
196,72
194,81
150,97
194,57
163,154
182,96
173,81
148,134
145,72
191,155
162,103
185,121
191,68
166,142
155,85
188,88
157,54
199,151
185,100
159,94
169,114
141,55
149,83
150,118
193,140
145,106
147,53
175,133
174,69
185,133
165,158
148,57
152,141
160,71
171,82
175,135
166,160
199,92
170,154
153,152
167,81
179,69
192,52
167,58
158,60
186,53
174,88
157,111
198,149
182,100
197,90
180,118
196,142
186,88
159,152
168,85
151,114
179,135
141,156
195,88
173,102
183,115
187,55
147,160
161,71
160,120
169,94
195,159
150,79
184,92
140,134
159,132
190,155
195,55
180,149
192,110
145,135
193,116
148,114
174,66
150,74
158,91
184,79
183,148
182,77
197,66
170,130
156,121
157,76
152,68
156,158
195,112
158,71
182,102
192,158
144,114
161,120
181,86
165,143
149,57
143,56
170,84
173,97
150,75
167,137
150,71
148,112
180,117
162,59
167,151
164,69
198,140
195,113
158,114
189,124
190,62
186,148
191,94
157,80
189,52
187,112
182,133
175,96
159,96
179,80
175,139
182,91
148,87
164,68
181,56
166,102
167,130
186,130
189,94
147,97
188,67
159,150
199,104
169,62
143,68
180,147
150,116
181,80
198,140
142,158
154,150
185,147
194,154
185,91
158,69
171,62
177,67
161,78
187,159
162,160
189,100
149,69
165,104
155,92
182,160
198,63
186,159
159,122
164,58
171,127
145,136
144,93
171,124
170,69
156,151
191,151
149,83
178,132
157,156
168,104
193,59
189,92
185,74
140,83
195,72
199,105
196,105
194,117
166,113
179,124
175,154
140,110
152,158
143,69
161,140
181,84
183,137
196,59
142,64
144,113
194,134
141,153
176,66
179,114
185,117
175,85
181,88
164,137
197,67
189,123
193,131
160,127
176,155
173,62
149,67
187,160
181,118
185,146
188,114
181,88
176,50
158,112
191,80
184,108
140,129
146,96
163,54
148,65
158,144
174,91
146,84
176,105
171,89
147,83
166,129
143,82
162,66
168,153
168,106
181,81
195,115
191,121
168,126
140,77
190,81
180,84
168,51
187,62
195,76
173,127
192,86
171,93
166,88
158,55
171,131
191,113
152,54
143,51
186,138
175,81
199,59
195,73
161,112
140,148
140,58
172,63
172,103
146,111
141,78
151,86
157,108
165,155
192,91
145,135
198,61
172,62
195,158
172,130
191,54
155,127
167,82
162,69
158,107
186,68
175,73
192,76
192,149
163,68
166,152
193,136
184,139
158,61
156,51
142,148
140,84
144,112
150,138
171,148
146,85
150,135
166,104
188,124
141,103
178,99
195,99
198,108
180,159
197,51
153,100
168,102
163,149
199,142
181,54
164,158
175,65
148,135
192,138
143,128
187,56
181,54
148,122
189,68
176,144
140,76
185,112
141,118
198,75
195,52
145,101
150,57
159,88
190,149
184,117
196,120
160,58
190,63
142,71
147,85
151,65
185,139
176,98
168,103
197,76
170,136
193,111
148,81
143,148
174,70
186,77
177,108
194,89
147,75
164,86
198,141
172,67
162,80
148,78
193,91
146,119
157,115
198,147
164,79
161,117
192,129
188,159
172,115
163,108
184,113
142,88
187,144
145,153
162,68
147,59
185,74
154,106
190,115
193,63
150,136
191,98
152,106
163,97
197,156
152,146
170,106
174,155
172,95
167,85
189,89
150,67
160,110
193,143
172,99
186,159
158,117
168,80
143,117
196,88
198,157
182,66
150,116
147,54
158,62
165,157
149,73
162,109
197,67
173,90
167,155
160,56
163,65
194,127
199,137
171,129
141,149
143,80
190,73
151,86
177,51
143,117
170,125
172,83
158,95
183,70
152,124
141,153
165,157
170,156
169,99
177,116
143,121
153,88
173,84
141,63
140,115
173,70
172,104
181,146
159,123
157,55
196,58
167,68
186,134
147,59
165,93
174,123
144,92
162,67
161,136
195,76
184,102
152,123
149,121
165,100
199,66
191,51
162,125
171,84
146,146
177,78
185,158
177,107
189,64
186,115
162,70
152,117
145,99
185,50
181,151
182,52
191,68
172,53
155,94
148,100
170,51
170,52
181,147
171,119
163,81
180,112
174,129
150,139
159,64
163,81
194,122
164,69
145,79
156,114
195,73
146,60
151,124
184,59
185,50
172,61
167,60
167,136
171,117
159,155
166,52
156,73
143,91
144,83
176,110
162,104
175,107
141,146
148,78
188,83
159,76
164,61
154,120
147,78
159,90
162,105
161,57
147,68
190,63
145,121
147,142
181,123
163,84
180,58
199,93
149,76
151,123
179,134
146,87
164,104
140,101
148,138
154,83
142,50
166,134
167,76
178,137
156,136
171,117
165,77
164,141
184,156
174,63
182,99
144,152
152,131
190,143
168,112
169,131
193,111
140,143
182,128
186,84
149,157
198,113
159,81
157,96
158,66
160,102
148,53
184,106
153,147
164,136
185,156
186,105
149,110
185,127
155,50
199,84
166,127
198,97
164,159
186,104
164,124
141,51
140,136
195,96
195,144
173,98
193,55
165,144
151,60
181,134
155,96
152,129
172,83
180,67
186,52
191,157
170,62
176,71
171,73
148,77
163,118
161,99
195,61
142,133
197,143
182,146
197,51
186,89
147,82
168,60
159,106
155,79
164,145
179,128
169,89
143,137
195,153
188,105
144,52
187,86
175,107
165,93
158,126
144,76
175,122
152,152
151,157
155,75
141,155
168,145
162,113
183,149
173,152
187,59
143,109
182,65
196,131
179,84
197,160
166,90
141,85
140,74
186,82
194,134
180,85
146,64
171,134
178,96
146,100
198,147
173,64
149,139
149,98
157,146
198,63
141,126
164,148
170,56
171,89
144,63
180,145
179,145
156,85
199,122
143,105
184,80
174,149
144,101
143,132
153,149
167,150
186,63
182,72
184,90
142,112
145,52
161,91
161,67
157,73
174,53
153,96
152,109
159,104
192,116
185,120
181,62
171,158
196,105
196,63
182,159
146,144
172,110
146,101
162,59
171,117
194,86
181,79
184,159
192,112
187,159
170,147
177,144
185,51
176,144
163,96
160,67
162,69
192,52
199,130
182,151
197,142
147,131
155,125
183,79
181,81
154,116
192,75
163,122
174,151
162,67
143,138
195,89
150,75
170,105
146,145
184,78
150,141
192,55
190,83
153,118
146,105
159,108
164,101
141,87
169,149
146,79
195,159
146,98
164,126
152,114
153,58
189,115
166,110
168,71
159,157
163,160
196,86
170,51
194,130
159,118
189,149
188,129
145,61
166,90
181,117
166,64
188,138
185,131
192,137
174,93
151,67
162,158
166,126
181,75
185,109
185,80
195,55
172,141
145,136
157,144
182,140
178,67
167,72
143,133
191,93
199,101
186,132
171,118
155,118
178,58
184,152
176,134
186,106
190,140
184,57
193,115
151,90
165,99
143,151
195,68
145,114
160,102
166,87
170,51
162,58
150,86
166,133
169,73
153,62
153,137
194,112
149,93
186,79
142,147
149,79
144,73
149,86
168,139
197,152
169,64
155,82
178,145
197,71
197,120
141,150
170,104
179,55
174,75
140,83
143,115
159,126
162,90
181,108
141,136
184,95
140,92
165,140
178,65
177,65
194,74
181,74
194,132
169,82
143,142
141,56
147,118
190,66
195,141
170,113
163,56
196,110
152,69
198,114
144,148
167,155
196,104
188,61
173,97
143,53
177,84
154,97
187,72
172,110
183,66
187,71
175,78
159,61
183,99
175,63
155,95
159,56
177,143
188,128
171,78
141,104
184,76
145,129
159,51
146,55
146,135
184,124
191,88
157,157
145,64
188,88
172,108
145,147
156,133
149,73
195,121
181,130
188,142
175,146
184,128
158,122
142,96
144,134
153,50
141,71
159,127
191,156
173,78
182,60
163,58
176,123
140,149
173,107
183,89
171,70
168,131
153,73
140,92
161,84
187,53
176,106
185,114
183,96
199,102
178,153
174,103
141,55
187,147
188,72
177,60
169,53
143,85
184,80
141,121
190,141
145,138
174,158
194,60
154,110
185,124
153,120
182,103
150,88
171,132
154,82
170,151
197,112
143,135
191,159
188,123
149,51
161,90
140,96
154,61
172,144
180,62
148,154
166,55
181,148
154,159
168,154
183,149
176,81
156,63
192,103
141,144
156,97
191,157
187,117
146,53
163,145
166,124
184,119
149,136
162,139
194,104
182,126
151,65
165,90
158,62
170,99
157,59
172,85
176,100
165,123
193,105
155,65
188,76
154,68
164,123
184,71
146,87
187,155
177,105
181,158
178,142
162,94
158,62
157,72
187,147
145,124
155,71
142,70
172,147
183,104
175,101
174,64
152,135
180,148
169,50
190,54
166,97
167,60
190,50
198,130
157,64
160,51
167,155
160,85
158,93
171,138
190,105
147,128
189,81
169,121
160,58
189,153
166,124
162,153
169,120
172,70
169,152
181,140
169,90
198,130
194,78
180,106
187,114
141,155
157,141
178,144
196,87
176,137
188,71
185,138
166,156
190,92
170,128
178,138
189,112
152,61
177,151
173,116
156,77
180,107
197,50
170,104
172,94
179,53
183,107
149,156
145,102
197,138
150,73
184,94
191,95
172,127
154,155
143,146
145,77
175,130
160,112
155,88
176,115
158,105
186,147
145,157
181,131
144,149
188,84
168,112
157,137
148,99
155,66
194,160
176,64
152,91
172,62
162,111
159,64
147,142
174,63
142,96
184,106
197,70
152,146
160,61
177,125
149,54
197,86
147,106
176,126
140,105
166,105
151,137
152,80
160,65
166,138
166,67
150,97
164,93
165,109
174,145
147,86
176,146
173,59
179,79
155,56
158,62
175,60
165,127
153,73
194,145
181,118
142,98
180,107
172,107
166,87
162,125
165,88
162,134
162,120
167,104
171,154
147,90
177,158
154,120
164,53
174,106
160,57
175,87
142,113
195,74
178,144
189,102
185,137
177,150
168,107
184,146
177,106
188,108
156,108
183,68
148,100
180,117
178,142
192,152
158,58
147,75
157,72
180,132
155,133
154,63
197,152
196,60
174,137
144,74
190,132
174,111
177,160
189,83
186,77
159,78
187,77
153,98
161,119
180,155
152,53
148,110
146,52
191,126
167,53
195,102
171,54
168,83
175,84
154,111
185,59
144,152
191,101
154,116
144,130
167,130
142,66
163,56
165,78
153,74
181,71
176,107
157,140
186,118
183,92
197,81
186,99
177,128
144,116
161,96
176,136
181,130
160,95
199,59
197,75
185,92
196,64
152,66
140,53
149,75
184,90
146,137
145,115
149,91
152,95
145,92
161,140
164,89
179,108
159,72
146,134
191,77
162,156
156,74
193,93
180,117
149,148
195,79
160,92
142,100
188,66
143,116
178,90
180,136
198,93
191,116
144,149
168,103
164,95
144,71
144,56
158,111
175,79
173,130
191,74
155,108
146,53
172,50
168,85
181,93
148,157
147,61
142,151
157,70
178,137
170,151
183,144
167,50
148,160
183,82
199,119
148,65
193,155
199,84
193,104
170,96
144,103
196,85
190,116
179,52
158,83
179,88
142,102
171,77
182,103
165,84
196,98
181,100
199,124
171,125
180,87
185,94
198,122
143,77
150,104
169,58
143,136
188,107
158,53
142,104
198,148
159,126
142,53
173,91
158,102
140,106
175,89
190,52
163,145
148,83
152,108
177,55
150,58
167,154
172,56
162,59
198,62
194,51
175,157
184,107
154,156
141,59
173,63
180,132
194,83
173,112
189,60
145,159
190,133
197,146
170,151
195,101
182,137
171,92
167,127
177,133
152,75
197,67
198,87
143,50
174,92
150,129
140,127
155,62
149,51
180,64
195,134
188,140
181,118
189,91
146,117
160,121
183,76
183,60
147,130
169,141
196,136
191,112
170,105
150,71
173,54
143,86
195,91
175,71
190,129
189,92
143,116
145,76
179,67
144,67
160,52
199,111
155,135
193,121
149,91
145,88
174,66
154,133
180,87
180,157
177,146
168,93
195,87
166,67
150,130
166,113
153,128
140,133
173,77
167,123
177,134
180,88
180,91
175,80
181,108
156,153
142,50
159,121
161,102
195,95
171,107
162,64
160,65
186,119
194,140
161,159
158,50
156,64
165,126
194,94
144,135
188,62
143,50
174,125
155,157
160,158
183,135
141,61
176,108
166,118
198,51
195,105
178,96
173,133
159,110
175,125
158,56
157,79
151,95
156,155
194,108
196,55
141,140
185,149
194,70
174,87
158,71
153,99
158,72
160,64
149,125
144,147
177,78
180,112
161,130
181,89
188,121
143,75
158,119
153,102
172,79
176,86
197,100
172,50
172,54
171,107
147,100
185,99
141,67
173,65
153,61
167,54
155,77
171,145
161,153
192,89
179,66
193,130
184,110
199,58
195,151
174,137
199,88
172,99
192,153
192,53
157,159
166,87
193,106
178,119
176,84
186,111
150,92
165,65
171,83
140,114
144,56
145,152
191,71
195,140
195,144
176,118
175,126
177,82
141,86
162,61
174,145
143,118
140,130
159,145
145,57
164,131
167,103
197,114
185,114
184,104
171,135
143,88
171,55
152,118
153,57
156,62
157,114
170,76
162,132
142,62
182,100
174,92
141,100
199,59
185,77
197,140
158,151
158,97
159,59
177,92
164,118
150,147
155,142
167,91
147,140
186,55
188,87
183,120
196,51
163,94
140,66
183,144
140,113
141,91
187,86
158,77
190,114
191,67
179,148
173,58
167,51
177,131
173,73
179,127
150,79
181,116
175,136
147,139
181,71
152,66
194,112
172,134
170,118
180,126
173,58
194,88
158,124
189,110
158,149
185,122
181,93
142,131
175,100
190,156
193,57
177,56
191,114
165,59
183,90
182,64
166,58
177,75
170,98
152,130
163,114
185,84
198,96
172,53
172,53
199,145
187,94
146,127
193,156
187,70
175,84
168,157
177,86
147,113
163,77
170,121
175,145
159,131
165,107
143,143
182,50
169,118
195,61
197,110
193,68
190,120
192,99
165,109
182,154
189,122
146,92
148,154
147,91
159,63
169,57
170,114
172,137
167,147
165,70
161,127
191,136
143,66
163,118
140,150
154,86
194,92
184,90
140,101
195,74
196,124
143,103
179,60
197,62
153,71
189,80
143,107
184,52
193,130
176,54
143,68
146,118
157,87
171,129
141,139
166,134
180,113
156,79
184,100
165,100
176,105
197,77
141,60
194,133
140,157
195,142
152,66
180,91
140,132
195,156
181,159
140,50
144,66
152,70
169,141
159,70
157,141
199,133
177,125
185,146
141,95
193,149
155,75
147,137
166,62
193,81
186,150
160,79
169,102
172,69
174,87
186,56
178,135
181,145
193,125
198,99
147,155
154,52
184,111
155,65
167,102
184,102
193,119
162,109
157,57
189,158
152,135
184,107
145,156
186,52
158,158
140,139
190,82
168,100
185,82
186,78
151,71
175,123
152,129
155,57
182,136
178,85
168,105
165,153
181,141
166,126
142,130
160,84
154,156
179,113
191,53
145,133
153,149
163,54
153,79
197,77
169,105
170,97
196,90
191,126
192,89
185,94
180,112
171,144
197,106
173,72
150,50
166,120
170,95
195,116
193,127
166,149
186,133
170,55
152,77
181,68
193,84
192,132
146,113
159,88
167,130
188,143
161,52
167,78
144,52
152,55
199,160
159,118
184,108
189,146
180,101
187,126
175,102
189,155
141,106
173,83
181,62
177,112
148,159
147,69
194,156
178,159
194,73
154,131
174,122
157,82
156,114
169,88
160,143
198,117
156,64
176,160
191,138
162,137
147,109
166,153
167,61
156,114
184,51
172,73
185,54
189,135
165,80
166,98
170,103
170,124
163,117
178,152
140,64
151,98
181,120
198,75
192,69
187,135
151,136
145,158
143,74
197,133
155,62
166,69
143,84
188,129
149,87
148,152
184,89
153,139
173,87
182,150
146,149
171,112
169,55
148,76
165,72
198,157
160,150
162,61
181,57
151,132
140,73
198,81
183,96
150,110
180,158
193,75
189,72
164,145
179,138
171,57
174,74
198,136
181,84
152,61
192,113
152,123
197,60
165,103
163,50
178,124
157,137
176,71
172,78
149,96
165,101
181,65
140,94
148,121
186,140
159,132
199,115
147,149
158,72
197,110
170,125
159,159
186,54
163,134
155,124
141,125
183,141
156,151
140,125
165,51
154,110
160,84
176,81
141,121
145,134
191,112
140,82
194,153
163,122
155,155
146,141
181,132
178,113
195,138
153,97
182,84
159,68
178,74
162,81
155,82
143,109
194,76
191,144
141,146
162,133
141,146
153,90
154,51
158,120
192,142
188,75
163,61
173,56
188,135
152,151
184,58
159,69
168,62
166,68
184,103
197,145
168,149
148,94
187,145
157,122
177,155
144,70
195,98
199,130
186,59
145,132
180,139
172,154
181,81
166,84
176,151
190,80
155,89
183,65
187,89
198,84
195,78
155,142
182,93
142,109
169,154
174,59
155,60
194,101
179,111
161,148
142,50
155,100
180,116
170,70
191,81
148,159
178,59
193,60
179,51
155,126
187,134
140,71
140,57
146,73
189,99
180,71
175,57
158,71
193,99
142,56
198,55
193,70
140,158
191,60
183,92
162,155
142,76
181,61
141,68
174,97
184,77
186,113
167,87
178,148
159,131
196,116
178,51
148,73
183,77
145,112
147,159
177,150
159,55
144,114
166,117
189,94
178,160
181,78
198,69
189,158
154,115
199,116
172,98
187,149
197,106
189,113
147,84
190,87
146,97
147,149
174,117
186,146
163,54
143,57
186,94
161,66
144,159
181,84
163,142
141,92
196,84
166,51
151,156
156,65
194,70
179,157
157,117
191,59
165,92
180,75
173,62
167,127
187,88
163,140
154,62
154,77
158,123
149,152
187,80
173,117
152,118
163,118
156,87
176,52
150,68
162,147
198,55
175,85
180,136
174,74
152,63
181,137
156,74
171,150
164,80
198,159
161,139
148,113
157,69
147,150
146,128
170,50
189,143
174,89
181,107
142,79
165,101
140,148
192,105
183,87
184,59
171,123
161,88
154,61
158,53
170,156
160,87
177,107
191,80
154,93
140,74
185,102
164,115
195,53
157,150
173,105
193,131
165,138
168,104
161,78
198,154
179,157
190,113
181,52
159,58
150,53
140,126
162,148
150,82
162,69
187,80
141,154
148,132
165,123
167,116
156,78
148,71
159,72
186,61
151,62
157,99
143,55
167,130
166,108
190,105
161,94
145,147
146,105
181,143
146,66
142,145
175,66
189,100
197,59
146,147
153,149
152,83
151,82
190,62
153,72
143,51
187,148
141,127
180,105
180,114
140,144
161,130
172,156
182,114
140,77
178,93
142,88
167,90
179,61
148,95
141,81
175,159
173,51
161,73
161,85
189,102
150,124
188,158
189,128
174,125
142,152
164,67
191,155
171,96
197,122
147,66
197,150
150,157
193,95
153,154
166,112
187,88
144,122
193,95
157,110
166,151
147,104
172,74
154,75
169,134
152,132
154,69
170,160
185,98
168,113
163,111
181,158
144,85
192,119
147,84
145,135
197,88
182,58
158,53
183,100
168,150
148,84
179,158
187,71
157,68
177,66
184,83
155,143
143,159
176,127
164,93
194,108
164,62
191,101
162,109
166,99
197,157
175,126
182,101
167,107
164,115
174,121
146,78
155,134
149,100
157,147
197,151
158,81
183,128
172,99
177,142
159,67
154,110
180,146
181,83
174,101
158,94
144,132
155,67
168,147
185,97
168,91
152,149
186,50
140,148
160,154
160,60
144,124
142,156
166,83
165,158
179,63
183,123
182,59
187,105
167,65
167,147
172,106
181,135
189,58
177,144
171,157
179,81
156,146
196,125
172,128
160,76
169,76
157,71
178,153
185,59
151,145
195,65
177,65
155,103
196,106
140,62
155,65
171,85
149,141
188,95
175,77
165,76
193,86
150,63
178,124
165,129
183,117
182,56
148,72
188,66
176,133
197,73
186,68
160,135
159,101
154,98
186,118
192,118
193,160
151,138
173,76
174,59
172,76
160,139
163,127
199,59
143,109
182,88
144,59
191,154
178,68
196,142
187,116
174,67
192,120
190,158
168,73
144,75
169,73
150,149
195,96
182,146
140,115
152,150
199,136
149,139
175,127
166,76
147,76
198,50
168,92
190,91
177,52
184,90
176,135
187,115
184,108
157,67
187,89
191,133
193,122
149,82
151,152
180,83
175,105
192,102
154,76
175,147
161,76
142,135
150,76
174,149
193,130
153,79
170,140
165,146
143,145
161,68
159,110
143,86
173,158
163,159
175,88
152,104
188,59
167,110
157,141
159,81
173,107
175,77
157,136
145,78
152,154
184,133
197,62
140,155
172,52
177,94
187,147
180,61
142,83
169,95
160,75
190,122
190,156
178,91
156,78
187,120
182,126
169,94
167,137
147,109
149,133
157,102
154,78
175,89
193,109
162,59
155,55
152,148
166,104
198,89
168,142
179,121
177,94
184,156
189,132
190,151
147,152
194,98
152,148
156,81
182,73
195,58
144,116
161,54
179,54
184,68
160,125
160,83
195,135
165,53
160,143
153,141
165,99
168,111
174,68
175,78
159,73
153,158
189,146
191,52
152,69
179,59
154,126
155,81
172,114
176,144
170,150
187,92
146,150
194,145
194,57
171,145
148,91
192,140
147,116
157,52
179,102
149,99
140,56
177,115
145,112
193,146
197,134
161,157
194,88
196,121
145,84
147,158
187,154
160,155
151,57
162,53
182,96
151,143
183,159
174,72
145,131
168,115
146,59
159,106
151,58
189,100
189,80
162,69
198,72
190,84
185,148
144,102
186,128
189,67
187,157
189,152
194,142
162,121
170,80
146,95
183,62
164,145
190,148
149,72
182,72
155,160
171,96
163,82
148,136
172,63
149,113
175,62
187,71
153,154
192,84
155,148
158,100
146,100
158,130
161,113
143,140
167,70
165,54
150,159
151,101
178,107
164,143
153,54
157,80
169,89
148,80
192,143
190,138
171,58
174,54
173,125
169,130
151,70
166,123
142,141
165,89
174,100
194,55
193,78
166,70
155,110
151,102
188,132
150,91
196,148
142,91
151,79
158,59
189,126
183,109
188,146
187,87
159,147
161,59
173,84
173,138
192,104
187,88
153,157
157,92
174,65
172,115
164,144
181,102
157,140
160,108
168,140
143,92
199,88
158,58
156,123
189,68
184,77
190,125
163,77
161,68
151,111
168,154
156,121
193,59
152,105
178,124
168,63
188,155
168,90
177,138
158,57
198,151
176,134
191,83
166,160
170,91
174,134
172,142
149,69
191,113
195,60
154,147
143,145
146,114
180,137
158,51
178,115
140,117
155,127
156,99
182,99
153,140
146,116
180,89
198,65
164,50
153,55
191,113
161,95
181,151
175,84
183,104
172,87
176,104
171,105
177,53
148,136
193,110
145,131
174,121
174,102
175,144
189,128
162,131
193,51
151,136
185,157
156,156
179,76
198,55
153,121
167,72
188,127
184,154
190,52
167,54
150,150
147,82
162,67
190,149
164,82
147,98
147,110
189,160
197,112
175,101
189,85
141,160
146,158
174,125
142,61
149,134
149,107
178,159
160,151
168,63
167,116
147,57
160,136
164,111
190,62
182,89
173,118
187,72
195,129
199,125
186,153
165,115
186,89
173,73
160,89
194,125
171,67
145,115
194,147
158,128
163,52
148,124
188,129
182,90
187,145
171,156
154,112
174,84
178,155
163,137
170,113
145,86
177,95
147,152
144,125
191,92
172,156
141,159
149,136
165,152
180,66
158,70
177,60
141,114
152,154
152,91
186,93
199,147
181,135
193,100
165,94
143,146
173,123
164,52
192,155
144,82
179,155
146,130
198,136
146,159
142,120
152,107
190,80
183,129
152,93
176,108
146,51
172,134
176,114
189,104
161,51
192,59
165,156
140,76
145,76
140,109
178,109
177,63
187,97
191,131
156,147
179,125
153,115
147,142
152,158
173,147
175,137
193,128
186,134
184,145
197,55
161,155
159,120
159,150
145,97
149,92
158,137
183,149
163,107
159,159
178,139
198,122
184,79
177,92
185,71
160,81
166,68
194,54
192,77
151,97
188,81
192,100
147,66
152,69
192,92
159,76
177,133
145,96
176,68
192,138
147,146
153,70
191,108
158,135
176,106
140,68
165,122
162,146
182,147
189,66
189,60
192,71
150,113
147,75
160,61
153,128
193,131
148,114
178,157
164,83
190,50
171,84
165,106
157,58
177,151
177,75
173,54
167,157
150,123
140,149
162,139
152,105
161,143
180,64
196,94
161,110
171,104
170,152
140,111
156,104
151,129
188,106
196,93
187,141
142,94
163,64
155,124
192,58
154,116
181,101
148,66
180,92
180,147
184,126
185,60
158,78
167,127
175,141
184,148
141,51
196,112
143,91
179,107
146,79
141,106
153,109
174,151
168,147
187,109
168,135
167,127
177,85
155,141
183,87
174,87
161,58
158,83
162,144
172,143
161,148
163,120
166,85
143,148
174,94
175,142
175,116
161,150
181,89
144,62
164,121
150,86
183,139
173,136
145,84
179,137
199,92
155,145
158,65
142,100
154,114
180,115
170,80
163,88
194,80
156,132
140,101
196,90
163,131
148,135
197,150
154,112
165,129
148,107
178,76
163,159
171,79
164,145
142,53
172,111
144,89
183,62
194,110
171,89
145,77
186,114
169,156
179,112
180,114
161,94
186,109
185,115
180,84
168,109
151,96
147,61
178,77
182,76
168,79
144,89
140,103
192,119
174,111
170,110
145,145
155,97
149,126
191,76
151,118
171,117
158,106
159,103
169,105
190,79
190,94
148,84
144,69
167,125
140,103
145,135
191,99
197,157
165,64
174,132
163,150
177,86
195,93
143,51
156,128
192,128
150,138
158,56
140,108
199,134
144,99
177,91
190,54
170,132
144,134
161,115
170,128
170,156
163,126
154,105
185,146
193,114
198,75
144,160
144,94
179,90
169,100
175,121
158,69
191,132
161,76
183,94
140,50
168,125
165,54
160,67
174,107
161,145
199,64
186,113
169,107
142,83
174,160
156,117
141,155
146,135
184,153
169,98
187,124
161,102
157,85
173,93
198,76
180,154
143,104
199,112
155,146
164,140
157,76
192,96
186,84
141,140
153,123
144,58
187,121
182,90
140,90
187,86
197,95
158,142
182,95
162,113
169,137
181,63
161,94
161,75
169,113
176,125
188,77
175,127
140,87
196,96
175,113
176,124
186,131
158,139
167,139
153,87
162,107
140,153
144,105
174,97
165,121
160,113
154,114
159,86
193,111
152,60
142,145
156,137
181,118
156,65
165,96
166,123
180,112
141,94
152,53
172,67
156,103
157,106
152,97
160,111
189,105
197,69
170,89
174,93
151,160
162,86
188,77
149,155
145,127
190,105
174,112
161,94
161,120
150,100
150,111
148,116
160,122
168,106
197,102
156,156
162,109
185,126
145,53
161,83
190,129
182,102
154,110
169,87
195,148
158,65
145,60
185,135
140,140
190,150
174,118
143,84
187,77
158,150
182,88
196,108
155,122
164,59
147,123
180,135
176,64
168,73
149,111
170,58
191,101
179,101
172,122
186,151
183,65
153,50
189,156
187,67
161,110
159,53
197,53
156,160
147,82
167,144
179,106
187,79
187,160
161,122
154,140
198,139
173,85
182,123
186,97
180,149
199,107
157,159
192,90
147,143
172,109
169,93
140,151
142,90
176,61
181,63
159,113
151,57
188,120
177,144
189,85
187,102
195,63
185,102
166,123
168,108
178,65
140,124
158,139
151,73
160,110
182,67
195,125
170,103
175,106
147,142
153,72
152,105
163,147
149,87
178,122
195,110
164,66
159,64
142,108
165,57
178,123
167,113
197,76
191,123
181,138
184,88
167,100
182,100
164,73
148,129
174,139
186,93
140,113
143,98
170,62
190,54
193,63
175,98
142,140
150,64
140,144
143,107
187,151
159,50
157,110
151,55
198,117
194,69
170,140
170,112
154,81
176,123
172,61
171,50
196,94
157,106
199,98
193,62
156,65
181,149
151,106
173,82
187,73
192,119
198,96
186,65
191,115
178,69
158,55
192,127
195,127
151,124
171,103
185,79
173,98
187,61
195,92
193,102
157,103
165,153
156,106
198,148
140,62
194,135
188,58
180,73
190,62
189,101
196,146
181,93
151,112
147,133
185,56
168,113
155,113
142,94
146,62
182,81
169,52
154,80
164,86
179,96
193,50
183,126
143,108
188,87
157,74
161,118
159,110
171,64
169,65
146,82
148,139
154,86
197,91
157,66
172,148
143,85
158,54
165,96
147,126
160,106
186,57
146,80
191,145
146,154
164,73
152,149
166,65
183,149
160,149
185,99
170,98
159,67
140,96
154,149
171,53
198,58
166,104
180,82
140,51
182,112
186,142
180,128
174,82
150,75
150,65
178,127
154,148
191,67
196,61
180,142
158,125
188,126
170,68
174,133
153,57
142,139
168,114
174,72
175,142
189,146
161,50
196,87
171,146
163,142
143,134
158,100
142,83
192,117
194,140
161,102
147,77
145,157
158,89
146,135
143,73
174,159
197,115
151,74
160,109
162,110
153,95
174,64
171,65
177,75
176,81
160,62
178,92
142,84
148,112
165,136
154,64
174,105
188,85
163,80
186,149
195,54
199,90
155,158
170,76
168,73
147,126
191,118
176,63
149,61
198,75
196,59
181,64
153,85
196,123
183,103
185,149
158,67
176,123
181,93
199,144
147,144
184,76
167,147
172,117
152,72
142,56
181,59
157,158
156,159
161,135
144,120
160,135
173,141
182,60
168,113
173,91
146,149
186,99
199,66
187,136
174,135
155,112
142,150
169,160
154,90
153,142
162,123
157,154
199,139
143,106
194,54
142,89
196,99
150,70
173,90
179,53
155,52
149,84
155,58
189,132
162,84
189,88
198,153
175,90
199,122
188,149
159,67
172,82
173,144
186,69
177,139
178,55
194,153
199,160
169,123
161,63
149,136
162,69
151,156
181,86
198,115
149,83
161,154
155,92
153,58
193,55
196,144
179,80
173,92
150,65
191,138
196,97
193,119
161,157
187,90
180,153
171,55
176,81
176,83
186,99
190,66
145,62
160,147
197,135
187,121
163,94
164,111
175,70
176,147
194,139
169,86
149,109
157,61
190,125
141,90
152,80
158,131
167,117
197,85
180,54
143,90
141,107
192,157
164,108
185,119
178,75
176,103
180,117
199,147
144,104
151,135
174,112
167,129
181,114
198,86
195,98
158,119
179,72
155,128
147,60
175,66
165,68
182,152
140,122
185,98
173,98
159,55
176,70
148,121
170,80
140,54
167,76
170,92
151,69
147,50
155,122
169,62
172,76
188,118
197,138
188,96
151,94
156,59
157,111
199,157
166,66
198,99
163,74
166,150
156,64
193,138
187,62
155,59
183,105
188,149
174,63
146,70
198,106
199,152
183,87
170,152
173,109
157,74
145,135
186,97
183,71
144,105
142,118
174,92
193,138
193,127
188,115
171,131
169,112
194,68
178,135
162,150
154,97
169,125
182,132
176,137
144,135
192,70
188,147
169,51
169,132
164,144
165,94
184,78
168,65
179,115
196,135
154,68
151,63
143,80
159,97
161,142
175,88
183,83
144,67
182,59
175,160
176,71
199,123
153,85
150,91
189,135
181,115
178,124
172,116
179,150
175,51
184,87
192,95
185,86
174,144
154,114
163,133
145,66
142,76
196,143
182,60
196,150
148,105
185,84
162,117
157,153
182,79
163,82
152,141
153,55
168,149
190,137
196,75
144,110
147,59
140,88
180,97
140,123
169,57
184,117
188,158
192,77
193,99
143,57
198,112
183,129
193,53
184,121
160,145
188,66
157,148
179,157
177,79
175,138
172,155
151,53
147,148
152,125
167,122
165,159
183,67
185,143
199,53
144,101
155,149
173,76
149,85
188,76
184,89
160,141
178,87
172,125
141,149
189,139
163,110
196,121
163,97
193,125
190,118
184,92
165,99
187,54
159,113
174,129
143,141
190,57
159,57
190,68
188,156
150,96
168,158
146,146
179,76
181,101
147,91
154,149
162,105
144,63
153,148
196,66
172,126
185,95
156,112
152,87
180,93
170,158
151,137
186,83
151,90
151,110
172,135
163,120
165,84
197,122
157,112
148,98
143,103
193,79
141,82
146,85
176,81
191,120
146,102
150,110
199,64
174,149
142,137
169,111
164,61
147,114
148,62
176,135
185,76
157,127
161,139
188,62
184,69
146,133
190,92
191,63
178,51
189,67
160,102
177,61
167,117
193,66
190,92
150,52
165,111
189,57
168,142
155,124
192,62
196,107
161,115
145,84
151,103
147,94
185,93
140,76
168,69
182,81
183,103
190,118
180,71
197,110
195,146
162,139
169,109
160,142
178,111
189,91
148,153
150,67
151,160
170,131
181,103
152,100
161,132
173,123
175,88
161,126
171,101
159,72
144,134
159,145
155,112
159,73
142,73
195,69
191,105
189,114
173,137
196,133
193,130
151,101
199,145
185,100
178,116
153,106
160,72
161,60
167,136
164,80
191,117
158,134
152,63
188,129
151,148
152,81
172,121
160,113
153,101
199,108
174,53
153,98
142,96
150,138
180,69
176,66
176,145
168,142
174,94
175,133
157,131
190,85
149,83
167,157
178,92
150,131
180,87
160,79
188,151
141,110
164,55
152,105
182,64
168,126
144,74
177,98
198,139
170,108
182,120
181,110
160,65
147,56
187,85
176,89
173,151
148,110
172,152
176,103
190,157
163,104
192,103
166,146
144,94
152,130
197,95
149,146
168,114
179,75
151,77
176,129
149,119
192,56
188,69
177,133
159,84
160,128
185,62
196,116
187,114
178,86
190,151
145,109
154,130
148,124
198,89
143,107
189,91
188,63
164,99
147,145
161,157
195,80
148,134
162,129
146,58
161,119
151,76
168,63
173,133
183,101
164,71
187,111
152,155
150,84
153,149
146,52
187,160
149,143
165,93
177,59
177,114
187,145
197,111
145,148
154,116
161,72
148,131
166,160
194,149
166,118
170,142
143,87
170,87
143,133
169,104
169,64
180,141
190,107
174,148
152,154
182,148
172,69
152,137
157,127
188,60
174,97
195,151
141,94
147,57
192,115
157,53
176,98
199,83
142,150
143,87
173,66
175,70
147,93
148,65
156,61
199,141
173,157
146,149
182,149
141,133
185,148
145,101
154,105
190,72
177,123
141,71
151,88
185,140
158,97
148,59
169,144
199,119
196,69
154,93
172,80
188,125
164,159
181,64
151,53
192,157
179,122
185,115
186,87
172,75
165,81
189,129
180,74
142,114
165,108
169,104
183,120
180,56
172,145
159,148
142,111
198,109
187,140
156,100
143,61
170,115
198,108
188,76
167,108
169,84
140,93
188,120
197,145
155,134
178,157
199,129
182,149
190,124
161,55
153,151
188,128
150,129
182,145
177,111
146,106
149,135
149,63
141,148
181,155
169,62
198,69
160,153
161,112
155,139
159,91
158,137
160,64
191,149
145,100
165,121
161,132
196,116
164,77
179,129
160,133
150,145
148,73
146,56
153,52
165,141
142,85
154,138
166,128
187,98
176,87
181,117
147,103
185,65
182,149
161,134
199,108
160,145
179,110
190,143
154,138
162,68
158,88
184,139
154,122
158,77
150,98
159,106
198,67
186,79
144,139
169,160
149,75
170,108
195,153
191,80
171,144
159,157
177,137
141,118
160,131
174,111
166,154
169,69
164,69
155,110
177,86
194,71
145,83
157,57
192,124
147,87
179,82
177,125
154,123
163,99
179,113
170,63
190,129
196,157
151,105
178,80
172,55
199,128
168,105
198,109
173,120
158,159
199,109
173,80
196,115
184,58
186,146
189,136
154,60
197,123
142,116
162,110
143,83
194,141
150,74
177,89
171,157
151,71
177,119
151,51
146,87
198,67
162,58
142,107
166,89
187,155
173,59
183,146
194,134
177,124
180,126
194,72
141,140
147,125
173,151
155,134
197,66
159,130
150,110
152,112
183,94
185,158
140,57
152,84
174,95
142,63
171,103
145,95
157,91
170,108
154,134
172,148
163,55
155,110
191,93
173,101
169,95
188,147
172,61
156,53
165,57
198,141
144,102
171,90
181,76
144,62
183,59
178,139
146,83
199,135
180,78
195,56
175,58
189,55
195,142
150,79
183,122
197,100
183,159
192,91
143,81
152,138
155,141
167,52
175,141
187,62
164,84
141,97
148,66
185,86
182,122
180,81
145,56
152,109
140,62
159,157
177,83
194,140
153,100
167,54
189,60
161,114
185,75
177,64
184,50
147,56
166,155
155,150
147,141
148,68
146,111
154,51
173,66
168,123
142,142
184,146
193,76
165,112
166,159
178,86
167,53
159,52
190,145
185,97
171,122
168,98
198,57
194,144
144,62
156,107
178,132
179,73
147,120
193,70
184,134
171,147
183,142
142,122
164,125
166,59
167,142
198,123
142,118
144,130
192,133
152,77
149,92
192,52
151,61
169,110
155,103
195,144
174,130
166,92
178,77
180,50
159,101
150,127
184,57
158,77
198,52
192,150
187,149
166,76
155,50
191,154
164,120
155,98
161,128
184,144
154,142
161,112
156,85
166,125
184,151
144,94
189,117
177,116
151,143
196,94
159,79
146,140
160,58
187,55
168,80
177,101
150,59
178,88
144,130
161,79
143,158
193,68
178,116
167,139
179,133
187,146
178,119
181,84
168,90
156,101
151,54
155,107
182,92
145,133
195,118
143,142
142,147
171,115
176,88
180,133
150,99
164,113
162,106
159,152
168,157
185,100
190,131
167,107
143,145
152,51
180,110
152,94
191,120
195,118
152,60
142,52
155,90
156,159
188,78
145,114
188,128
152,96
187,138
148,62
174,61
159,116
152,75
140,139
148,117
176,68
158,99
174,109
147,155
163,70
169,82
171,54
176,130
156,76
186,103
143,154
161,66
149,147
188,89
146,86
143,66
169,136
145,112
169,63
163,124
158,136
165,60
149,52
190,77
157,135
163,53
160,116
177,51
181,95
149,141
189,100
164,117
144,81
182,64
170,53
162,141
159,93
156,128
194,86
196,135
154,89
176,73
184,157
178,139
171,100
165,67
149,150
145,102
161,97
162,114
146,52
189,64
166,92
188,81
173,146
143,57
166,64
192,129
166,120
172,106
152,125
149,139
199,133
152,54
149,106
172,65
157,101
167,122
174,158
196,80
182,88
172,159
149,124
178,150
170,143
189,116
175,88
190,124
192,148
150,109
158,71
160,153
145,120
192,73
163,159
186,58
173,143
197,149
171,78
196,104
151,101
145,91
193,91
182,136
182,65
152,134
195,72
157,60
170,125
159,72
143,75
151,81
182,74
157,83
167,79
153,63
189,109
147,66
140,74
140,60
151,80
163,87
174,63
192,62
175,145
155,150
189,73
165,115
174,152
140,95
169,95
165,66
151,159
161,119
179,103
161,91
156,67
176,147
170,83
167,111
182,139
169,147
172,100
167,112
190,57
196,62
185,119
148,136
199,142
141,124
167,56
170,112
195,123
191,110
182,149
140,153
165,67
143,158
144,142
175,92
165,150
155,156
198,65
155,108
160,96
169,128
192,120
150,125
179,135
145,135
143,151
172,147
190,98
197,77
150,137
186,80
146,130
169,78
195,119
176,100
168,98
165,127
171,57
180,119
157,109
158,123
140,93
152,60
153,50
170,124
191,107
162,105
170,124
190,127
167,122
198,69
183,147
147,69
181,120
175,143
166,118
197,150
143,148
159,82
188,91
154,153
163,67
190,64
167,155
186,149
152,113
182,153
154,141
148,125
157,56
194,111
150,126
152,101
174,68
167,158
193,70
182,72
160,150
193,102
194,62
143,101
168,118
172,101
174,150
197,70
178,61
149,113
175,88
157,55
194,104
185,141
171,143
173,144
195,143
164,97
188,89
148,120
183,104
193,56
188,117
188,125
151,155
154,129
142,158
158,145
195,159
192,157
188,128
156,122
195,98
145,107
142,152
143,52
143,57
186,151
194,84
174,136
143,70
155,110
156,76
186,122
172,115
147,66
142,110
196,57
156,130
193,149
150,121
185,67
161,133
141,143
154,98
163,100
161,59
199,118
161,75
191,65
195,60
146,130
143,57
157,63
184,154
153,106
194,156
182,109
177,141
151,130
187,101
196,144
153,126
193,112
161,110
181,108
182,103
156,102
161,97
178,101
144,144
144,80
143,77
181,82
151,152
147,65
161,50
179,159
191,72
171,105
150,132
168,72
153,59
177,135
190,103
144,127
172,139
180,127
185,55
176,91
160,60
166,64
143,94
171,125
180,92
151,95
188,64
181,132
146,75
186,128
144,154
174,70
168,124
141,134
182,123
163,67
187,105
161,148
178,144
153,102
162,119
140,132
161,95
168,132
189,122
183,94
192,99
170,74
146,103
161,61
167,86
148,116
188,82
143,122
143,60
161,137
169,101
175,108
158,55
182,145
192,112
197,126
167,107
157,52
198,79
147,56
192,72
175,123
159,147
145,80
159,63
152,97
142,132
176,64
145,59
154,76
159,147
159,90
160,62
182,56
163,129
160,124
185,152
182,100
152,63
160,156
177,114
197,62
140,100
179,59
178,141
190,130
188,132
190,85
172,126
148,136
181,130
146,60
166,122
171,139
181,116
164,130
180,82
154,107
172,126
163,140
178,109
172,87
194,82
186,133
177,88
158,131
189,61
143,65
158,109
151,113
160,99
173,100
150,81
188,90
140,111
154,94
162,99
179,76
190,90
178,98
151,70
148,123
183,56
174,115
182,64
197,158
155,52
198,128
144,136
147,57
140,67
149,116
145,157
180,110
148,134
141,120
157,155
145,117
191,72
168,61
164,121
148,89
172,91
151,51
192,52
147,151
141,55
151,56
199,107
160,99
173,113
198,55
147,73
158,98
178,138
174,109
180,85
145,122
144,134
188,96
191,97
172,91
173,100
196,60
140,85
157,115
178,111
161,102
182,129
173,111
177,77
180,141
177,82
161,146
176,76
184,89
160,87
198,51
156,147
159,137
174,63
185,52
189,115
169,155
149,105
148,66
188,106
145,134
178,131
193,158
199,160
160,84
167,54
156,107
177,137
144,147
177,59
170,135
172,52
148,77
167,122
163,58
146,136
178,142
163,118
189,148
191,51
173,117
188,151
173,81
163,116
148,110
150,153
166,158
193,59
141,151
199,118
191,90
146,56
186,157
182,139
142,68
174,106
145,144
178,52
184,154
190,123
188,106
171,87
147,59
163,89
140,123
140,146
180,50
153,71
177,107
180,138
150,129
161,147
161,71
180,142
193,66
186,137
154,107
149,156
154,128
164,103
159,108
160,143
179,157
182,80
150,130
140,102
185,79
152,132
162,132
155,143
196,148
175,71
184,52
192,57
178,55
194,133
197,118
176,52
163,67
165,75
142,51
154,70
140,133
161,86
155,133
165,108
153,108
167,79
154,74
185,128
183,92
143,81
193,80
146,67
145,59
194,119
193,130
144,98
166,101
185,109
190,116
171,115
149,50
191,129
179,117
141,68
199,160
162,111
199,62
195,67
184,127
157,151
172,139
185,139
186,100
147,89
162,115
159,143
192,142
170,153
156,120
181,103
166,79
184,100
147,130
167,135
193,58
197,138
145,91
181,144
144,137
158,94
154,155
167,128
141,69
141,59
145,140
194,123
142,75
190,52
149,157
173,94
195,101
179,65
169,84
180,64
190,145
153,130
164,84
142,57
185,76
190,89
192,135
194,156
193,86
197,123
192,69
156,73
160,68
177,53
181,154
182,71
164,62
152,150
160,72
147,57
152,63
165,108
153,113
187,93
168,114
177,77
193,99
166,90
182,139
185,113
142,150
198,154
148,89
168,127
175,101
151,70
185,147
190,146
189,159
177,88
180,91
145,125
159,91
185,120
144,91
146,117
146,51
158,125
169,106
191,135
150,85
151,124
148,128
178,96
197,108
179,102
166,105
175,75
156,154
191,102
183,69
188,53
177,118
145,147
188,99
159,104
161,110
175,89
165,65
144,129
172,140
165,83
165,79
197,113
193,143
155,103
178,89
190,63
194,56
157,145
177,118
191,76
176,138
189,135
172,128
154,142
182,107
191,146
167,152
179,52
167,77
159,103
190,103
194,141
180,130
148,104
167,140
198,109
185,96
181,71
154,101
174,83
177,113
155,83
173,80
145,151
146,115
169,50
197,63
175,133
154,115
178,73
145,129
157,123
166,107
192,81
176,130
140,65
186,109
181,93
193,63
165,160
153,138
149,136
194,52
175,104
199,55
149,51
167,112
175,51
159,144
169,153
187,70
178,80
175,62
185,120
170,126
183,154
150,130
176,140
195,152
184,133
154,79
146,88
163,126
173,104
173,117
178,159
157,128
198,88
165,88
145,74
175,70
147,117
196,146
181,156
148,126
174,160
194,55
174,152
169,120
177,117
164,108
186,79
199,138
165,74
162,134
162,123
189,103
150,132
166,151
178,98
188,103
140,145
197,130
182,92
175,133
167,157
198,144
179,60
153,84
185,77
157,109
144,54
191,132
165,157
160,50
161,118
179,63
190,147
154,88
161,108
148,103
163,138
198,52
195,100
168,139
161,78
149,113
141,91
146,55
164,137
178,159
193,56
158,127
146,89
166,157
151,135
167,116
145,124
170,75
158,75
146,138
158,145
146,74
197,57
196,136
191,93
153,65
182,151
151,150
191,107
159,73
153,72
197,137
177,140
172,130
157,93
160,153
173,152
197,104
145,123
170,120
175,81
177,102
186,59
164,108
195,142
154,142
197,128
182,55
189,65
179,94
171,52
189,159
169,61
199,145
175,142
164,95
140,82
145,53
185,91
155,112
157,96
197,94
166,75
159,116
173,57
189,57
157,66
146,99
187,77
197,97
184,129
179,113
192,53
194,108
158,82
163,133
192,156
172,77
162,60
185,132
198,135
178,115
183,145
175,112
179,57
185,65
146,156
172,131
173,50
147,129
157,108
166,75
174,153
189,106
198,81
148,123
165,79
186,69
190,104
186,131
162,143
177,111
180,70
146,121
170,105
190,150
145,56
174,141
197,77
169,130
163,77
190,58
144,130
186,54
154,57
147,75
144,135
198,107
151,83
147,134
183,61
195,74
140,121
170,135
143,135
189,61
180,153
166,90
188,112
178,84
140,147
167,118
183,137
150,113
183,137
175,109
151,116
172,55
154,117
176,92
184,119
173,152
145,114
178,147
146,85
186,102
186,130
179,140
168,101
179,93
159,86
170,148
183,154
191,135
146,107
141,127
156,127
167,71
154,76
198,66
150,110
144,107
198,143
184,111
142,59
149,136
197,101
178,120
195,97
153,92
175,122
164,50
167,66
167,124
171,160
191,83
192,62
165,88
153,58
197,131
189,139
142,100
159,65
179,66
148,71
172,69
164,89
196,151
161,99
146,109
172,126
157,63
148,118
145,84
197,142
158,69
171,151
183,78
170,145
167,96
173,55
174,89
195,60
154,143
176,158
159,79
157,78
190,50
185,70
140,78
198,123
172,104
181,146
192,157
143,141
181,53
175,97
186,153
199,88
180,111
173,107
149,90
181,68
180,68
190,127
144,51
158,92
140,64
195,115
180,137
140,83
166,123
154,89
180,88
141,74
173,96
154,88
190,69
166,66
154,66
145,123
194,112
184,63
174,126
148,61
197,63
199,87
174,65
191,147
199,115
184,58
168,64
162,77
161,155
162,130
183,158
150,124
147,99
147,121
160,115
198,160
151,145
190,101
171,84
176,109
180,109
197,116
195,150
172,140
195,76
156,84
167,53
180,153
192,87
147,148
191,72
143,62
140,95
179,72
185,104
192,100
184,82
165,78
164,142
174,71
175,90
180,101
163,50
193,68
161,111
158,128
157,78
197,131
172,54
171,62
168,112
186,53
190,107
171,96
189,129
187,111
196,65
188,88
156,93
197,65
180,76
179,113
144,61
183,151
189,63
176,111
179,159
193,59
175,84
184,115
154,127
166,147
156,146
184,53
148,72
186,144
173,108
190,117
160,105
168,74
146,137
169,150
164,151
143,143
165,142
156,126
181,80
148,108
189,115
173,139
187,128
177,150
181,70
160,152
176,50
146,138
150,81
182,107
142,151
181,70
142,122
195,86
185,99
171,126
172,84
192,98
183,82
166,82
179,148
164,101
160,148
184,91
177,68
178,60
199,158
173,147
142,99
166,119
191,151
182,104
189,73
176,140
173,82
183,143
192,144
177,90
195,155
181,70
177,100
178,147
189,118
190,144
175,55
189,79
168,102
145,127
166,139
174,115
169,96
179,153
161,116
171,85
156,85
158,137
151,113
192,122
161,153
154,53
174,93
190,124
157,54
172,114
194,53
155,102
164,157
169,132
183,79
170,148
178,85
166,86
179,149
162,140
170,156
186,56
186,117
176,131
180,152
153,102
195,124
181,117
199,71
143,119
190,102
146,58
180,126
162,154
198,127
186,139
156,138
155,117
183,137
149,105
174,120
181,128
193,89
164,156
167,147
178,78
141,153
176,153
150,138
177,64
197,107
166,152
194,58
196,155
144,118
149,59
163,64
181,62
169,157
146,81
151,141
154,159
169,129
166,123
189,159
177,54
148,131
162,123
149,100
189,90
154,95
144,53
182,160
188,122
186,102
177,104
145,124
145,76
189,124
182,147
144,70
154,92
177,52
183,69
196,105
154,151
187,151
143,129
151,109
155,99
170,148
152,150
155,154
160,95
142,122
190,53
140,76
162,86
199,157
196,91
180,56
173,146
162,91
182,62
141,67
183,94
148,159
165,148
184,128
143,103
194,68
163,79
140,80
189,152
170,160
192,92
146,90
187,77
155,82
166,143
186,53
191,142
193,60
154,56
185,87
198,128
149,117
196,159
162,115
164,69
180,67
196,75
159,109
140,105
148,106
179,136
152,147
169,134
140,70
177,159
170,111
174,54
154,142
143,91
175,80
161,157
193,159
152,156
153,90
187,91
173,94
177,73
184,97
151,99
143,62
147,81
178,125
180,76
181,133
166,146
155,156
175,60
160,107
196,108
193,88
160,151
191,63
183,136
164,125
152,153
181,151
153,66
161,123
165,90
148,70
173,134
187,94
173,143
143,59
174,80
141,99
154,144
188,106
165,50
177,128
174,120
167,89
195,117
162,105
151,84
157,91
159,50
167,126
188,146
198,110
161,75
193,128
184,83
174,145
172,134
163,52
173,107
160,74
143,128
183,116
151,54
191,64
175,133
191,82
178,132
197,124
187,143
179,57
185,145
144,95
174,98
191,148
148,133
167,158
179,116
185,114
152,146
148,112
167,104
143,113
192,54
191,105
154,67
193,154
152,136
181,94
177,64
173,102
169,50
158,59
163,117
188,111
184,86
191,103
156,77
168,85
185,65
194,117
163,53
190,120
141,72
192,127
145,85
185,154
167,141
179,68
147,65
171,86
155,82
167,76
197,123
160,118
158,70
157,132
145,53
156,156
183,116
168,96
159,65
193,112
162,91
146,110
175,144
142,120
167,53
156,89
186,158
170,150
173,92
190,62
188,98
141,91
140,80
159,115
197,116
163,134
177,120
173,56
185,105
187,53
190,93
178,59
185,61
195,131
198,57
165,142
147,141
162,77
156,114
170,94
166,86
158,50
190,102
167,56
151,79
142,77
143,85
161,92
187,85
179,53
199,141
156,142
178,118
153,58
188,96
158,70
168,141
150,65
192,104
164,98
183,70
187,128
149,123
140,116
160,70
193,101
197,100
141,54
146,54
182,145
173,101
152,120
165,72
168,53
146,120
186,110
178,104
146,129
154,133
196,96
170,84
196,109
178,80
158,151
185,146
178,94
188,119
147,143
183,156
198,75
194,99
144,68
170,116
185,95
153,97
192,149
163,132
153,104
165,153
147,56
141,154
199,78
190,117
185,71
145,85
169,150
174,82
158,96
181,63
177,146
180,143
186,107
172,103
150,115
148,87
197,103
193,144
185,149
158,64
166,135
173,88
147,50
153,88
153,50
191,100
158,56
173,130
168,157
153,117
174,65
199,128
191,59
174,153
193,51
164,153
167,143
161,124
170,108
161,127
171,55
180,124
166,109
181,127
183,72
149,71
170,128
185,64
198,114
169,81
152,53
167,113
163,109
156,97
146,92
148,126
154,156
198,112
144,116
150,138
140,137
193,102
191,149
188,157
153,107
172,115
148,151
165,138
163,147
199,67
184,153
166,154
180,104
160,63
193,158
188,72
144,104
197,138
194,81
144,90
169,72
171,142
195,85
169,89
166,151
140,111
150,73
197,87
163,74
177,132
152,135
182,130
175,54
180,158
173,95
164,97
160,149
159,115
189,74
142,73
196,153
172,76
155,128
189,94
195,93
143,124
174,76
199,123
198,127
165,72
143,143
166,133
184,136
174,142
173,124
162,113
198,117
148,65
152,54
190,156
192,122
186,114
184,52
177,154
183,144
186,50
149,52
150,95
178,147
151,139
188,158
157,84
162,104
172,51
140,95
194,110
184,68
189,133
143,147
173,125
147,88
160,57
151,89
161,91
193,62
158,120
191,149
173,70
140,151
188,91
155,85
150,99
172,111
157,147
161,132
150,131
190,154
188,78
158,146
193,150
167,76
178,157
155,115
196,135
165,149
145,138
176,104
177,116
152,95
195,93
179,63
146,147
141,78
181,132
199,144
154,142
187,140
146,62
149,63
175,158
168,147
196,156
180,106
181,154
191,125
198,146
151,57
158,53
165,129
160,86
157,98
193,109
160,97
166,67
175,76
167,139
158,93
161,104
172,107
185,103
180,100
184,110
173,139
150,101
157,65
166,93
161,151
173,120
165,59
198,88
174,152
140,132
189,65
147,75
162,128
179,129
145,64
163,116
175,80
174,122
165,55
174,149
166,102
146,141
158,130
160,133
157,133
167,103
178,105
182,140
176,103
149,64
187,111
188,51
193,90
155,122
170,137
162,109
154,136
179,90
175,112
193,84
150,63
190,147
179,143
141,72
162,86
157,130
172,101
171,142
190,122
155,120
188,75
199,151
153,51
175,78
167,130
154,146
151,63
153,101
184,92
165,100
172,106
187,160
187,79
180,75
146,140
149,61
197,77
183,131
143,57
168,111
142,120
172,58
158,120
175,157
199,129
149,89
185,72
149,64
196,124
152,125
179,146
160,123
184,157
193,76
153,84
147,157
157,153
199,76
193,103
165,118
154,103
174,63
163,127
182,121
170,76
181,129
195,54
149,144
173,70
150,93
195,140
169,158
156,75
171,141
197,68
154,105
176,80
194,160
151,95
145,52
168,150
175,91
154,147
173,121
150,71
156,128
148,151
157,108
149,150
191,91
165,106
140,112
188,71
144,148
182,153
144,64
199,104
168,93
163,150
149,93
167,106
140,73
198,155
187,138
191,72
146,138
142,102
175,156
195,97
194,52
175,134
180,110
189,76
159,91
193,141
154,116
156,55
149,110
148,113
166,96
156,55
141,66
162,128
181,115
174,138
157,73
189,69
168,124
146,150
199,153
183,130
145,61
177,146
166,88
169,53
199,96
150,51
166,62
161,136
154,64
171,147
176,67
191,74
165,119
186,60
161,94
159,67
180,57
158,132
192,86
187,80
167,53
182,96
199,138
199,154
177,113
187,60
154,72
175,85
140,97
190,68
166,131
173,85
187,94
178,133
140,70
148,95
155,88
166,105
192,94
169,121
198,111
199,135
181,114
152,143
146,68
150,139
147,63
192,57
174,77
183,131
188,130
155,99
167,58
177,58
143,53
146,146
141,117
158,63
198,132
185,120
198,160
166,96
168,126
192,71
150,89
155,102
171,91
189,117
180,148
158,87
159,90
156,158
161,63
153,101
186,129
144,69
168,87
175,94
146,111
183,121
148,115
145,88
186,143
177,78
168,132
185,59
165,143
156,155
175,111
166,151
151,101
176,159
149,58
143,141
198,118
161,138
178,65
189,63
172,58
146,86
177,55
144,149
185,88
182,136
171,140
191,103
142,125
185,147
152,119
199,115
192,146
143,105
142,149
168,153
163,60
162,154
163,129
184,102
173,126
151,83
198,114
143,82
173,67
184,54
160,71
149,154
145,116
166,68
187,94
181,59
149,126
197,77
165,149
149,158
177,152
177,69
142,54
163,110
190,139
194,157
152,70
180,118
183,151
197,55
179,73
196,70
152,64
177,125
176,126
197,75
154,79
180,79
145,138
186,86
147,138
190,133
167,110
169,76
176,58
188,123
152,158
172,116
198,50
146,73
154,146
193,136
146,122
144,126
192,62
174,67
182,116
196,140
144,56
184,86
170,127
140,131
176,116
169,84
160,145
167,60
166,58
193,86
183,159
144,115
170,115
154,158
153,139
149,159
197,107
160,104
170,120
156,64
193,146
140,142
191,70
182,70
140,92
194,79
142,156
151,86
181,121
195,80
183,65
195,54
182,107
192,135
179,155
159,142
182,159
191,137
182,104
148,129
146,56
194,87
174,117
146,140
182,72
194,145
167,62
179,76
157,55
190,131
170,141
187,135
154,135
153,155
187,107
189,68
171,145
173,159
158,78
177,126
146,70
195,73
177,109
186,100
140,92
178,73
143,146
178,51
175,110
170,131
177,112
166,137
144,139
196,117
156,128
169,128
172,129
168,151
153,144
140,116
181,128
153,131
173,62
165,153
173,84
140,155
164,112
178,107
178,63
195,109
147,104
159,73
145,57
186,135
193,70
140,83
189,136
187,93
168,61
176,160
140,50
150,74
145,55
180,82
170,87
154,66
145,136
184,153
174,137
155,121
187,102
182,64
176,79
154,119
162,112
184,135
163,95
196,128
156,55
148,136
164,150
162,51
157,121
159,68
150,94
160,95
180,148
163,106
146,156
174,100
151,61
152,74
198,74
148,142
181,155
151,90
173,59
170,66
155,60
164,151
198,149
149,118
186,92
186,140
186,145
158,105
193,55
177,93
192,114
180,127
185,111
185,104
161,116
150,159
184,151
173,151
199,104
160,110
145,125
167,153
150,50
149,50
169,136
149,130
177,70
174,61
155,56
142,139
152,150
197,103
170,116
142,146
140,126
163,127
187,158
165,116
144,70
179,147
143,74
142,130
143,132
192,85
147,160
179,70
173,107
192,79
152,67
193,109
163,133
197,77
193,73
163,53
188,69
173,83
153,110
150,56
192,128
165,51
182,160
179,53
172,121
163,151
160,72
174,118
146,88
148,137
189,59
140,153
194,112
147,97
141,118
194,159
187,65
183,88
141,58
180,86
177,97
197,145
167,77
193,115
179,142
199,75
157,155
166,96
158,90
177,124
152,61
198,97
142,132
156,155
179,115
146,93
144,151
173,128
152,123
197,54
179,104
188,109
147,129
187,121
145,118
190,146
172,117
167,118
187,86
184,87
190,107
145,72
157,115
166,138
143,52
171,157
157,56
158,113
198,62
141,91
157,114
151,122
195,133
157,70
153,139
182,159
154,152
173,133
166,135
192,158
188,66
146,130
156,97
162,81
187,96
176,104
143,93
197,144
189,55
159,63
160,77
149,69
159,51
168,142
194,158
157,108
195,114
187,121
181,71
143,88
170,112
186,153
189,89
162,89
166,110
159,143
150,148
154,113
169,119
168,56
187,160
170,112
182,130
177,128
196,135
189,131
198,64
188,101
158,72
150,120
197,140
186,143
147,109
168,90
162,73
160,157
184,133
194,145
140,136
146,135
146,57
177,108
142,71
175,51
181,124
178,147
198,56
185,145
194,101
171,89
151,88
190,126
177,67
151,92
153,54
161,155
170,66
191,160
152,154
141,134
196,96
168,90
166,99
155,66
153,147
154,58
176,61
192,148
168,50
166,70
152,52
157,89
173,149
165,127
170,115
190,112
171,59
161,104
194,135
162,123
196,130
148,52
186,69
163,59
199,65
173,77
153,89
183,62
176,76
140,73
147,117
184,84
165,112
198,109
177,159
151,121
148,75
162,101
166,63
165,88
166,78
198,100
173,139
174,50
141,159
156,102
182,122
186,153
170,147
165,70
183,124
179,152
199,99
147,113
174,54
160,74
158,62
165,88
156,120
160,64
170,151
186,120
168,136
168,63
185,110
194,105
171,80
153,88
184,149
182,151
149,85
154,150
176,53
177,58
143,131
145,71
165,59
175,59
146,159
187,93
153,65
186,99
173,76
199,116
194,145
149,98
176,96
170,153
180,108
153,111
173,68
182,81
149,94
167,85
148,127
151,83
188,121
191,124
171,149
148,93
199,59
147,70
155,78
195,157
168,102
183,93
195,60
162,81
158,149
155,102
190,91
164,148
199,122
183,111
156,94
195,74
165,126
162,77
151,80
198,115
160,106
191,106
190,78
182,150
198,148
167,149
184,102
174,118
157,85
158,111
180,134
158,155
151,52
166,106
152,102
153,55
155,72
141,81
193,75
160,154
182,144
158,119
192,87
185,101
166,54
192,65
182,54
170,69
195,58
181,155
153,60
161,96
188,137
150,67
187,128
188,117
170,54
161,53
170,155
188,85
141,119
179,159
183,111
169,140
152,58
188,142
176,109
187,53
164,93
164,94
160,92
148,84
154,109
171,151
170,96
159,64
149,64
199,52
171,79
170,101
187,153
182,143
163,57
179,95
175,133
192,62
142,92
174,152
149,57
154,59
165,141
168,54
163,51
188,81
159,149
187,148
153,120
145,70
197,66
179,140
187,120
165,129
162,146
163,159
147,151
174,121
169,154
185,112
167,100
164,71
185,154
184,155
159,78
172,84
152,86
195,79
168,53
154,101
195,92
194,62
178,107
155,56
182,94
142,116
144,73
153,100
150,108
172,102
162,139
168,90
140,130
179,50
150,138
162,96
169,87
155,90
160,133
155,81
189,131
172,119
174,66
180,130
162,59
186,143
191,85
171,105
145,102
151,121
167,156
170,90
154,118
168,154
189,123
185,86
159,115
175,106
152,131
173,97
167,157
140,127
165,121
150,108
144,114
170,122
166,150
140,104
174,79
141,100
164,107
194,133
162,155
153,141
174,147
164,158
142,60
169,74
190,109
154,121
143,131
158,87
156,127
149,141
191,113
165,71
158,99
161,113
171,138
169,52
179,159
151,97
144,74
184,108
171,95
155,63
163,89
179,75
146,154
198,102
198,141
184,149
190,160
149,152
164,86
187,62
152,136
190,93
198,151
178,143
169,124
197,130
191,69
184,51
162,154
196,139
184,80
176,110
163,115
188,140
198,87
170,98
152,110
173,73
164,69
150,129
140,59
192,148
162,158
167,139
170,61
179,137
147,117
186,154
186,114
174,125
199,130
172,114
166,147
156,125
175,151
193,88
154,155
172,143
147,60
160,101
199,53
173,130
155,52
197,142
161,101
188,79
198,88
178,124
166,141
163,54
199,120
169,160
154,150
147,121
163,135
171,139
164,52
162,106
172,106
193,150
175,87
149,104
151,83
179,84
150,153
160,107
159,160
142,145
199,105
148,113
162,70
145,90
187,75
160,134
173,96
158,149
174,150
156,147
182,140
152,52
153,74
179,157
174,156
140,148
152,82
150,91
194,67
190,50
149,123
175,95
183,153
144,82
183,138
188,133
154,127
164,111
169,127
178,73
160,102
143,60
192,87
160,146
158,54
184,68
153,119
190,90
157,55
181,96
172,104
143,149
176,136
153,64
146,95
179,152
160,136
150,140
167,63
173,78
172,139
179,125
171,71
198,91
174,95
195,153
185,130
145,86
152,118
186,123
168,54
192,81
153,87
188,160
188,145
185,153
166,131
146,64
185,138
142,75
156,72
190,144
195,101
185,73
160,139
152,54
142,111
143,67
195,99
158,77
186,139
144,68
188,72
189,88
198,128
173,104
145,146
163,136
166,110
140,140
150,99
142,120
191,141
174,123
196,93
172,149
151,105
170,61
172,142
189,51
165,132
154,147
167,85
170,71
142,117
143,52
194,132
193,149
186,145
155,90
168,159
187,60
164,97
144,98
166,138
190,108
149,62
148,55
184,120
176,125
197,54
173,87
188,80
192,158
168,144
189,54
161,56
147,158
162,96
164,129
164,123
197,158
144,74
173,50
173,69
160,104
176,115
147,58
161,113
178,150
193,66
188,74
191,139
191,70
193,82
193,132
183,82
174,106
147,143
190,142
180,63
164,157
158,131
155,69
149,68
167,134
144,152
178,57
183,82
195,65
184,114
148,156
182,84
158,108
183,138
198,117
170,84
158,149
192,84
199,126
190,125
196,156
183,155
153,160
197,132
194,90
175,144
151,140
161,60
184,52
187,160
169,72
182,126
160,101
168,82
140,77
177,153
186,55
167,139
158,55
183,133
193,59
176,153
140,68
197,102
197,143
162,54
161,67
162,118
153,141
191,52
197,153
157,102
172,70
144,121
140,61
151,65
172,114
151,122
190,102
160,95
150,93
180,158
185,69
145,77
192,103
148,122
160,128
160,118
195,52
193,148
142,143
161,89
199,85
151,141
197,118
173,127
158,55
174,93
172,102
179,129
147,146
188,140
195,122
186,136
151,70
146,90
180,71
148,62
173,157
199,139
197,100
153,113
145,59
184,57
146,81
161,104
196,117
177,117
153,97
168,159
187,115
188,157
162,86
166,120
164,145
191,78
155,108
174,131
190,73
145,92
166,51
161,129
192,119
176,78
185,81
198,71
156,69
162,141
157,134
194,122
171,83
142,54
161,60
198,78
142,88
173,126
144,61
140,66
161,83
141,155
196,133
169,132
193,132
144,87
170,121
157,126
197,111
173,121
188,109
163,137
190,63
169,135
190,148
171,104
193,152
144,97
147,51
167,102
181,118
145,120
175,93
181,102
155,87
145,138
167,137
161,131
163,151
140,117
177,67
169,131
164,60
158,160
193,122
150,134
180,97
194,69
192,121
145,94
151,101
174,92
197,123
168,123
183,155
156,137
140,109
179,68
154,105
191,102
152,146
195,100
154,143
156,94
153,116
158,114
178,138
168,127
193,128
181,160
166,50
146,83
171,102
167,156
180,61
174,88
169,107
196,152
152,104
169,66
178,74
174,71
189,147
197,80
165,67
146,131
188,158
147,54
162,119
163,101
165,52
188,107
167,121
161,103
152,60
170,121
164,119
185,132
148,58
199,125
167,93
162,73
178,116
143,56
182,114
160,159
153,154
176,95
148,124
181,56
141,143
173,82
194,134
155,122
169,71
160,119
174,68
143,65
189,104
155,79
175,74
170,147
153,158
180,72
140,99
191,150
146,155
189,98
172,50
183,107
183,159
146,148
151,62
185,89
158,158
196,68
161,113
195,131
166,106
195,114
196,90
155,118
160,156
166,81
189,124
173,137
188,81
180,79
145,111
148,70
193,60
168,84
175,51
163,100
168,117
161,124
148,159
142,160
192,134
193,71
174,62
149,100
142,133
169,94
156,123
186,88
161,128
196,110
196,91
162,160
162,62
149,123
195,81
194,121
145,60
161,117
195,122
144,102
148,77
166,89
140,157
184,56
170,89
152,127
148,140
163,92
140,128
159,66
180,137
164,125
140,104
158,101
175,74
166,122
142,97
191,117
195,117
155,145
158,84
175,80
196,79
180,67
171,147
186,98
169,58
149,157
173,75
162,155
180,66
140,86
195,90
179,143
167,122
170,77
183,109
160,117
172,128
141,127
187,114
156,148
147,55
179,132
148,151
157,151
185,148
150,60
193,150
159,90
148,102
170,55
197,101
175,122
182,54
174,124
152,105
171,145
196,53
174,101
188,66
167,129
145,64
195,71
142,139
170,85
188,150
170,102
147,147
180,153
167,146
171,60
148,103
168,149
178,119
140,147
141,123
168,56
154,109
193,81
178,55
158,69
143,143
160,85
189,74
158,85
164,83
149,50
178,103
191,120
156,126
169,101
193,119
183,75
173,153
173,97
168,132
190,160
151,54
143,101
190,142
165,53
145,135
171,117
196,97
192,52
145,81
146,141
179,143
171,51
150,157
172,121
187,113
160,140
194,98
169,56
141,121
189,154
154,67
163,158
176,130
157,160
164,56
195,140
198,131
196,74
198,115
182,154
157,149
174,85
161,62
147,153
190,96
162,72
191,124
163,156
197,51
167,119
166,65
182,139
193,95
161,108
176,157
169,122
181,50
189,159
145,116
167,157
155,79
141,106
165,70
186,101
140,72
190,100
177,123
185,109
151,69
192,109
152,80
165,78
188,149
183,103
169,53
157,70
180,107
189,86
189,154
188,91
150,84
152,123
191,139
172,55
154,94
171,73
196,133
143,117
193,107
179,101
192,152
189,145
185,58
159,71
181,75
193,148
144,65
149,127
182,56
187,126
177,156
171,159
170,159
169,64
152,129
145,130
145,118
178,129
144,147
145,140
173,153
175,111
156,77
182,153
180,61
175,120
160,68
198,102
192,99
178,78
157,126
161,50
189,113
169,112
163,93
141,86
142,146
190,69
198,121
179,104
157,68
187,127
185,69
156,126
193,117
180,74
191,96
167,153
142,134
194,136
158,159
180,139
190,61
185,156
177,53
180,53
193,139
141,76
160,126
180,128
187,102
190,115
141,68
163,50
154,73
171,85
149,98
161,79
157,54
159,66
174,125
170,52
168,115
163,62
149,152
186,63
147,64
168,103
144,128
172,79
158,80
149,136
155,125
181,74
192,75
164,141
159,125
162,146
162,127
190,125
177,56
182,63
150,91
153,157
142,76
182,138
184,142
163,107
158,108
164,74
197,71
150,112
165,159
182,60
176,136
185,81
150,110
146,145
194,50
195,63
155,58
182,147
173,50
160,51
176,61
154,113
173,159
184,148
159,109
181,75
164,55
148,120
179,86
182,89
195,144
167,108
185,112
142,123
174,63
168,115
156,65
146,72
152,54
158,105
187,113
171,54
177,160
196,139
153,138
182,112
148,85
175,102
140,154
156,131
178,132
186,154
158,122
166,66
177,159
195,155
143,63
160,53
174,160
163,141
171,154
162,155
140,79
181,132
168,57
150,101
147,66
149,131
157,108
189,107
142,116
148,82
171,101
157,66
140,141
160,119
164,86
196,110
141,52
191,74
160,116
185,116
156,90
185,59
147,103
189,132
152,97
176,129
164,107
143,103
178,55
164,89
170,86
172,56
183,102
180,160
195,115
148,120
173,149
151,80
187,98
146,90
159,60
169,93
159,56
191,144
161,95
197,112
162,85
150,105
162,104
150,148
198,143
193,109
156,87
169,128
147,115
140,119
196,111
188,143
186,101
166,89
195,122
183,127
164,64
199,63
183,69
165,126
170,150
162,54
177,66
147,103
199,121
190,109
196,84
178,117
181,63
162,84
155,82
184,87
184,127
163,54
185,94
160,135
195,114
157,54
161,124
166,147
192,77
169,83
154,60
172,128
186,71
145,68
174,71
188,108
148,50
155,101
145,113
162,112
159,131
192,149
150,133
150,64
164,154
143,50
169,52
143,125
141,158
165,106
189,75
187,144
187,96
145,98
193,135
164,110
143,102
166,136
140,125
145,122
190,117
176,53
181,83
143,66
143,55
182,104
167,61
189,61
199,154
153,118
181,111
172,144
197,66
190,160
196,107
141,112
170,126
194,157
156,69
182,74
143,147
187,125
173,94
161,107
176,134
164,60
159,77
153,131
194,89
164,97
185,124
198,80
154,128
149,89
165,150
153,131
180,116
186,127
167,56
175,74
195,121
197,117
197,143
140,139
183,156
172,139
158,87
176,109
172,159
176,50
154,109
144,57
147,150
194,112
167,124
153,117
187,78
173,73
143,93
162,97
190,143
141,144
163,142
186,135
192,93
152,125
189,139
144,94
192,50
160,85
172,80
186,74
187,134
158,147
185,71
175,55
192,50
162,120
161,157
172,89
151,71
142,143
144,104
140,64
183,63
197,104
143,118
196,86
189,138
141,117
183,66
165,65
146,67
146,120
181,86
171,87
151,77
184,85
143,140
156,106
152,103
182,155
183,137
148,156
142,63
144,54
179,132
182,141
147,96
142,98
188,158
172,124
144,118
145,69
192,87
155,82
145,136
196,151
172,153
145,69
140,146
177,153
185,77
184,89
164,144
164,95
173,118
170,142
196,99
156,97
174,114
150,121
161,112
188,104
148,84
193,80
191,142
156,115
150,121
157,85
193,130
178,159
159,124
190,110
167,95
198,122
195,116
160,87
148,100
141,133
198,62
155,120
164,71
147,111
183,74
145,148
162,141
196,95
164,105
190,96
166,103
192,122
172,121
189,54
168,118
178,111
142,86
177,150
143,116
168,150
178,110
197,130
148,121
170,130
187,72
159,124
181,157
184,115
166,90
140,129
167,114
169,155
182,153
194,94
160,152
143,68
164,118
157,55
189,104
183,132
146,106
194,91
178,130
142,126
167,106
199,92
192,95
188,83
175,107
159,140
196,157
192,149
173,131
191,63
176,96
156,147
181,155
166,137
197,123
195,122
160,130
181,96
153,82
151,57
150,101
174,151
165,123
142,93
194,115
165,83
160,90
146,68
183,110
159,89
174,55
193,159
196,74
197,95
171,125
159,83
179,62
163,129
155,159
170,153
146,110
164,130
176,129
156,148
156,155
172,120
143,129
187,125
158,96
176,91
142,117
185,105
164,115
146,118
160,135
156,153
167,139
182,153
182,115
198,56
152,53
185,82
154,92
199,84
141,138
175,130
159,86
188,123
159,94
151,112
195,152
147,61
165,66
178,113
151,135
178,104
169,89
149,56
165,61
192,97
181,156
193,128
140,135
169,65
196,109
145,61
149,64
170,117
184,80
163,108
154,53
157,58
167,73
160,140
153,123
169,113
163,160
172,91
162,145
172,76
193,91
142,115
190,155
155,78
153,153
177,129
141,63
163,113
192,84
162,108
150,89
180,66
189,99
148,59
149,126
172,102
186,153
174,83
178,89
176,100
177,54
143,116
180,154
163,144
197,84
163,131
175,82
189,148
149,95
160,80
197,143
188,90
155,89
174,58
194,71
171,150
148,109
180,131
177,153
165,114
199,125
197,80
164,153
177,137
173,155
145,100
175,82
195,157
146,100
167,140
194,155
149,148
183,145
172,93
160,77
181,89
198,105
192,70
193,142
175,105
142,152
192,66
181,88
188,119
177,147
158,98
178,88
164,56
189,138
144,118
164,132
149,104
153,96
140,101
191,143
172,139
167,146
163,69
192,156
184,51
148,85
171,104
177,98
166,56
154,136
189,159
198,88
172,140
189,85
146,52
148,94
196,150
193,53
153,96
142,132
176,117
176,58
185,78
185,72
196,85
153,160
154,63
163,64
153,118
167,141
167,94
194,92
165,89
172,61
164,74
190,88
146,95
186,51
145,62
146,103
188,78
185,54
160,102
146,105
198,154
181,66
143,80
154,143
194,156
196,123
182,77
198,67
163,60
160,146
189,152
160,117
149,158
156,76
176,122
148,103
192,159
182,84
164,115
192,98
196,146
174,139
170,138
157,145
183,119
195,90
143,52
193,102
151,65
173,101
153,67
155,150
168,99
175,137
156,61
187,142
193,87
154,84
164,93
183,80
153,157
194,104
190,113
180,105
188,131
178,136
187,112
184,79
158,130
168,150
192,59
177,119
154,120
198,56
189,52
161,148
194,91
195,133
142,139
143,94
177,93
157,127
181,103
166,133
161,149
154,150
185,51
171,64
161,108
196,138
141,74
176,108
176,122
184,126
160,142
170,76
197,136
141,150
151,118
160,69
177,93
142,132
166,135
157,76
156,57
164,67
153,97
159,106
164,82
178,94
166,132
154,80
166,141
166,97
172,71
173,152
194,137
187,129
176,158
160,144
148,90
175,83
164,134
153,81
156,150
188,105
161,126
175,89
165,152
186,91
188,132
186,84
167,156
164,106
158,96
172,136
155,91
196,104
150,58
148,60
145,87
166,115
179,93
173,143
156,79
161,76
171,90
195,104
167,139
175,152
163,110
173,56
191,51
141,151
144,82
195,83
147,86
195,81
195,139
158,146
151,149
152,148
171,76
189,64
153,140
164,81
152,53
182,71
144,98
177,88
186,137
187,118
156,118
155,94
144,92
145,129
149,157
192,114
190,141
141,87
168,95
192,156
145,138
160,103
167,84
158,139
183,60
141,107
176,110
183,134
166,116
145,137
166,55
140,50
153,72
185,109
145,58
150,56
140,75
141,118
178,128
180,85
192,60
159,148
151,114
190,52
166,66
166,128
187,153
168,87
196,101
185,108
158,100
183,157
156,55
150,83
172,98
177,91
147,146
158,82
149,66
193,142
180,159
164,53
199,62
154,88
182,82
178,151
186,149
152,130
149,66
174,86
182,89
143,85
176,153
183,105
155,128
145,131
155,142
181,159
160,68
185,147
178,157
141,160
140,86
148,107
145,134
183,114
199,87
177,67
181,110
146,106
188,76
169,72
192,66
145,113
178,90
165,113
169,139
196,57
140,55
164,103
180,129
183,112
178,151
182,84
194,121
175,140
171,125
188,86
176,72
163,127
172,117
194,97
161,95
194,87
168,63
164,96
141,92
152,108
177,70
156,122
182,109
142,69
194,88
176,105
173,117
171,112
171,67
190,111
181,99
196,80
190,77
185,57
189,73
145,114
156,105
146,138
158,87
165,151
179,116
157,136
157,100
156,57
182,155
167,51
177,85
176,123
194,121
165,139
162,55
178,87
153,102
191,115
141,79
198,84
183,106
159,73
167,155
169,54
153,140
177,139
180,83
153,140
152,97
153,120
189,54
153,71
180,112
167,143
177,142
146,72
193,133
182,156
140,145
186,86
168,155
196,63
182,71
187,108
157,57
144,106
159,144
157,57
192,56
181,114
155,82
144,66
197,94
188,127
170,90
176,107
151,77
143,81
186,80
167,141
196,82
167,53
154,117
155,125
165,148
146,116
159,132
152,106
167,137
175,139
178,119
192,66
158,134
143,111
172,94
158,108
149,131
142,125
150,70
161,110
173,64
171,145
164,118
186,116
185,133
196,116
171,144
147,134
159,76
196,117
151,134
142,73
157,88
172,130
184,96
169,139
143,96
198,71
184,93
161,113
146,105
196,95
164,151
196,113
171,83
175,79
148,104
192,113
194,130
193,127
199,145
171,100
142,111
142,146
152,104
160,96
170,155
148,87
157,53
140,56
180,123
171,144
147,56
157,130
194,107
194,157
177,108
171,95
153,56
165,99
160,132
168,82
175,115
195,153
154,142
197,99
165,158
187,92
180,115
154,94
148,154
190,52
145,77
180,149
146,128
159,68
197,91
144,101
177,104
146,82
152,85
140,101
146,105
151,51
186,127
199,136
143,80
184,77
158,65
166,134
154,146
175,121
162,150
169,90
190,95
154,78
194,76
140,132
174,84
186,143
162,120
158,68
184,153
172,124
174,130
180,145
149,100
182,158
164,139
150,71
190,76
148,137
143,113
196,157
186,127
141,59
180,131
155,146
177,109
162,108
171,104
172,157
152,126
173,98
164,54
177,80
158,141
158,149
156,124
148,93
143,153
192,110
177,130
151,55
150,148
160,73
181,132
140,68
146,66
152,58
186,91
158,139
162,102
147,139
188,50
173,104
154,133
199,75
192,129
197,75
194,86
154,147
192,67
158,54
150,143
161,51
174,135
146,76
188,155
168,103
156,84
168,158
183,80
150,128
146,156
180,119
165,52
168,71
148,126
161,156
197,114
171,90
199,118
163,139
153,78
143,157
158,103
198,153
178,80
159,80
150,78
148,133
169,128
181,151
182,103
177,51
185,107
197,115
179,147
140,104
154,82
193,110
163,102
161,155
182,105
143,122
179,86
142,112
185,157
171,102
180,99
156,147
154,100
150,52
150,105
188,69
194,112
148,90
175,117
168,154
193,65
198,140
166,87
186,138
186,88
143,95
178,107
143,149
161,69
142,153
168,66
165,51
146,118
159,70
156,93
178,78
199,82
161,94
142,153
151,55
188,71
162,135
177,65
181,58
182,105
194,64
154,51
199,126
198,137
170,109
192,87
144,54
178,137
155,148
189,108
199,61
149,160
173,77
189,115
140,100
154,153
173,67
155,76
171,97
183,152
181,86
149,123
196,159
183,55
159,135
187,67
150,151
163,87
152,65
192,131
170,97
197,83
167,54
159,98
196,75
191,117
176,135
140,104
171,143
142,83
143,61
169,88
166,97
160,73
180,55
189,96
193,136
167,159
195,77
165,122
162,84
176,105
178,132
173,103
156,70
171,69
168,157
159,109
197,100
159,155
163,67
176,123
180,55
181,51
184,148
180,85
184,87
183,74
148,58
196,146
193,130
196,118
194,127
198,154
180,103
194,105
187,99
195,58
169,63
153,144
170,125
177,82
161,85
175,103
140,75
140,117
147,85
194,97
199,112
185,112
158,118
176,63
162,54
144,64
160,143
164,52
181,140
164,141
178,142
171,134
166,150
198,101
141,103
177,151
196,60
189,131
172,129
190,138
177,159
153,71
190,139
190,106
157,116
186,147
157,72
177,121
184,137
182,126
184,144
184,138
149,124
175,79
148,122
162,58
196,153
169,133
147,53
193,104
142,108
183,153
186,95
168,114
170,156
179,60
181,51
191,143
160,94
164,104
174,118
175,156
169,53
177,121
159,68
152,84
153,95
171,93
146,74
183,135
150,126
155,101
193,100
161,159
145,137
169,60
181,133
186,140
172,138
182,68
160,101
164,152
146,133
171,63
155,76
148,65
176,79
163,58
169,78
142,101
186,115
159,86
148,112
164,104
176,86
184,78
178,79
166,149
149,95
189,95
169,145
178,146
164,115
185,129
182,70
192,156
157,144
157,131
151,158
163,153
146,145
177,93
142,96
178,122
156,152
182,59
147,137
160,72
178,71
172,131
155,72
152,128
162,57
186,108
169,133
152,50
142,102
161,127
177,82
198,77
182,95
141,126
159,141
147,52
192,95
148,73
169,113
178,159
198,52
187,96
172,137
164,93
186,61
175,157
176,138
191,63
172,86
166,62
164,76
172,89
140,101
162,143
146,76
157,65
142,122
151,147
185,57
197,119
196,127
188,97
164,103
191,115
164,90
182,123
166,155
172,149
180,93
174,74
186,110
152,118
183,118
188,114
178,75
156,121
183,127
198,63
165,160
173,104
163,111
181,146
142,57
150,96
165,53
190,94
151,74
157,78
170,60
154,145
181,102
158,72
155,95
174,124
179,84
172,98
152,159
141,106
157,114
188,67
190,126
168,82
170,84
163,75
168,85
169,82
168,124
190,122
198,99
190,108
170,122
193,133
151,66
174,101
183,87
197,107
154,158
152,131
173,65
183,71
171,106
145,53
189,139
168,130
156,95
179,98
185,123
174,86
141,89
180,158
162,64
159,100
155,111
180,69
171,96
148,84
151,155
182,89
160,82
157,62
194,129
151,159
165,94
145,139
159,114
185,65
165,108
184,80
172,119
141,97
160,159
185,61
155,99
141,54
198,110
186,149
198,56
169,128
199,155
163,55
174,157
195,146
150,124
173,146
194,134
140,130
162,61
198,154
181,149
167,100
197,74
186,80
197,116
177,97
170,105
176,124
180,153
180,61
184,132
199,89
168,103
183,154
152,100
173,108
156,153
182,157
163,58
170,53
163,73
158,101
144,118
167,85
187,52
155,151
158,83
170,144
192,92
182,79
166,122
149,115
159,101
154,133
187,138
156,127
169,63
178,119
143,147
192,74
182,141
158,130
158,91
197,71
195,158
164,119
185,113
141,128
185,55
153,143
191,76
167,144
180,90
164,62
148,105
151,158
195,124
157,135
173,146
195,138
169,98
173,143
192,112
153,123
145,52
174,139
179,71
162,50
195,52
183,151
144,97
168,106
180,66
178,84
162,119
185,98
186,103
157,129
194,132
153,55
165,107
192,104
169,159
171,54
183,85
144,69
168,153
176,92
155,143
192,124
168,160
186,152
174,106
193,71
182,95
141,156
162,53
156,110
159,55
157,57
171,160
141,151
190,144
163,86
171,104
167,88
198,143
163,66
145,78
146,52
167,81
145,153
163,90
148,145
193,123
172,68
198,140
153,83
161,134
145,150
164,113
165,67
189,139
166,152
190,61
170,124
181,50
169,71
199,104
146,118
174,92
191,106
173,112
151,84
168,109
184,71
172,159
163,151
184,148
186,80
164,103
187,79
193,86
158,104
158,67
152,78
195,126
167,80
173,151
182,69
158,65
144,91
188,154
198,61
151,84
193,151
158,115
180,153
196,77
191,51
157,154
162,61
153,100
142,69
171,78
183,145
166,90
145,51
161,142
160,82
167,131
167,139
161,153
145,141
150,154
153,116
189,114
192,138
159,147
181,73
154,134
179,52
140,75
152,105
144,141
179,128
146,109
142,147
149,79
162,124
160,97
141,116
166,56
182,131
164,107
158,88
197,82
143,78
145,151
175,103
190,139
150,158
191,54
148,157
193,123
149,119
144,160
170,147
147,132
178,97
153,137
147,83
176,52
180,79
167,72
198,142
175,143
196,104
148,87
142,66
186,77
196,105
146,124
155,62
147,62
195,87
185,76
185,159
153,134
181,108
199,68
150,59
195,82
177,85
198,141
149,88
189,52
156,148
192,85
145,142
179,94
165,80
155,84
152,131
160,93
150,100
198,60
194,75
190,62
149,92
194,88
144,145
154,66
166,82
194,71
173,124
195,142
145,96
151,75
156,63
153,121
145,94
196,76
182,94
169,93
181,59
155,153
162,150
187,120
166,154
165,146
194,106
159,99
160,153
181,67
197,53
172,76
198,73
189,57
157,137
187,132
140,100
187,76
179,75
162,133
151,157
162,87
150,91
149,152
187,92
152,108
197,75
191,78
166,122
151,66
172,91
154,151
164,126
194,75
147,118
140,144
158,102
185,160
171,130
179,118
187,120
183,132
149,87
186,116
191,156
192,60
157,115
175,105
165,91
181,68
165,67
153,149
158,83
198,58
144,65
179,148
147,63
190,64
179,85
187,74
185,121
152,90
178,117
182,96
144,146
166,89
193,154
165,138
175,155
198,83
150,122
179,83
161,119
165,50
191,109
170,77
188,126
153,93
186,111
183,109
160,139
189,114
192,157
193,119
198,104
159,89
148,89
197,56
154,98
147,127
178,144
185,135
151,113
199,140
161,112
148,148
149,110
150,144
141,147
164,56
185,89
176,158
170,145
141,90
170,89
160,68
145,85
178,103
165,77
197,54
170,80
179,106
187,59
169,113
143,135
173,107
164,149
197,145
167,81
197,120
176,137
190,67
180,87
142,140
160,74
181,65
166,122
169,159
158,80
159,160
177,75
171,71
179,97
186,97
179,83
159,60
190,120
198,71
198,82
159,95
145,80
155,58
168,83
161,157
182,65
193,114
145,91
149,126
176,93
140,120
198,145
192,81
181,131
158,121
177,118
196,114
197,69
167,143
186,94
165,113
177,98
199,141
152,68
164,74
191,128
151,155
160,129
168,98
153,138
199,85
166,52
154,119
150,132
146,150
166,99
176,89
162,73
176,147
159,72
156,88
169,91
144,53
174,132
172,141
195,103
192,105
184,131
186,103
166,60
184,72
141,138
175,98
164,75
173,90
190,132
154,126
158,64
192,63
169,97
196,102
148,155
189,89
197,131
164,77
146,112
172,65
197,125
147,131
198,96
142,59
158,121
197,91
148,102
183,53
178,100
199,71
167,52
166,139
198,114
143,67
177,89
166,118
155,116
185,131
185,131
199,58
157,120
190,53
169,119
191,160
178,75
195,130
192,159
168,61
193,99
165,130
168,126
175,150
172,104
197,103
156,106
151,153
194,150
172,106
199,71
198,51
168,155
169,60
171,98
179,101
180,80
179,134
163,144
160,134
197,102
186,106
143,117
156,145
162,67
185,153
158,107
153,155
165,71
182,105
184,84
176,68
166,116
177,125
164,99
147,157
169,83
192,117
191,108
183,116
164,123
140,135
144,107
199,132
147,149
195,79
148,113
144,141
192,50
179,141
151,126
198,159
142,150
179,90
165,97
181,115
152,79
170,137
144,71
176,114
166,120
188,84
148,101
163,150
156,77
164,88
161,62
171,106
143,85
192,68
158,128
163,112
166,140
159,134
196,114
192,76
148,54
193,159
199,50
159,125
180,84
181,146
181,98
141,102
172,64
189,64
190,147
174,116
188,74
185,115
176,128
180,105
148,112
150,111
180,93
196,52
146,113
197,97
153,97
176,102
190,100
179,57
173,112
164,75
191,133
160,76
199,150
195,61
146,156
192,148
186,53
144,123
149,50
167,97
196,151
140,79
185,71
185,160
174,125
196,157
171,114
150,74
176,106
190,68
196,90
182,55
176,74
182,57
199,64
194,136
181,60
171,132
194,108
164,148
167,56
174,158
184,122
178,110
165,61
145,131
164,74
166,50
163,69
164,127
193,109
140,144
147,64
179,89
172,77
182,86
180,54
190,159
145,83
195,130
160,143
162,145
148,127
188,51
167,142
183,101
188,57
187,57
186,91
159,120
146,79
191,52
160,129
155,62
141,102
160,85
141,139
182,137
169,60
167,84
160,75
194,115
179,108
188,103
192,132
183,112
186,92
188,119
150,121
161,118
169,63
166,135
189,150
197,99
150,154
150,78
145,120
181,156
164,106
164,103
144,155
165,117
151,156
199,156
196,118
173,66
180,138
182,142
183,110
146,54
166,137
190,114
177,116
150,131
141,147
156,79
176,83
140,109
186,151
158,146
162,160
162,158
190,122
182,140
198,137
190,150
169,105
158,105
186,82
164,88
160,154
165,146
162,78
147,119
148,150
148,54
188,120
162,129
189,116
156,133
151,132
195,103
143,83
142,130
192,122
170,115
191,122
171,115
181,53
199,147
188,117
160,144
173,104
169,63
156,132
196,88
145,93
145,102
187,92
182,147
160,136
161,142
149,158
153,73
166,101
148,95
189,65
167,159
164,98
156,57
187,58
150,70
160,127
161,134
187,50
176,87
169,76
173,103
146,130
165,52
159,90
150,127
159,84
194,58
166,54
171,154
174,152
159,75
185,118
167,98
145,104
195,70
197,85
142,115
147,90
169,68
158,114
155,53
144,109
168,154
191,74
151,58
182,144
184,105
159,82
147,76
190,143
147,155
162,129
158,107
160,153
166,115
144,92
151,158
141,132
162,142
183,64
145,112
188,118
185,106
175,100
141,78
140,141
174,50
182,61
152,160
162,109
148,119
157,105
176,93
195,154
181,64
198,64
188,63
150,139
176,95
157,146
173,69
165,115
166,91
143,153
160,142
162,66
165,117
186,87
143,73
156,81
183,119
144,59
156,134
174,68
191,151
184,51
183,131
182,122
146,155
199,122
149,103
146,148
155,132
144,84
150,52
184,143
164,82
171,53
174,55
186,120
166,60
164,84
182,71
162,115
185,84
145,131
153,146
193,101
199,58
148,55
154,115
159,141
170,115
183,114
169,132
191,77
164,149
191,119
160,75
169,112
151,137
190,51
198,96
142,108
192,113
193,158
153,102
156,94
193,130
175,133
180,100
178,132
180,93
141,85
192,150
143,97
149,106
175,111
161,135
158,106
156,94
163,108
145,132
189,94
146,134
154,60
197,63
146,151
143,133
179,95
164,108
143,61
192,107
186,51
141,90
173,136
192,140
156,108
188,50
164,148
189,86
178,95
171,98
158,114
199,91
153,96
194,116
199,117
154,142
195,157
186,87
185,156
181,62
183,86
163,144
164,91
188,90
140,75
144,152
192,79
165,144
187,99
163,149
154,150
155,127
174,64
160,103
187,152
140,66
140,120
157,108
174,98
174,102
151,83
171,126
167,120
147,156
153,98
171,50
176,150
181,156
179,87
140,101
175,118
146,62
152,81
167,84
183,118
141,131
178,131
166,68
146,128
176,84
172,129
153,131
152,147
151,106
175,101
185,111
168,151
141,63
182,151
155,141
175,155
155,51
183,149
141,102
186,109
191,95
148,115
162,81
153,74
197,127
151,92
197,51
167,147
161,113
144,131
170,149
172,126
169,143
141,55
159,54
154,68
153,152
142,73
162,159
165,120
188,123
159,59
196,146
148,95
187,59
178,134
147,98
178,69
185,68
187,146
174,84
172,83
171,74
152,154
189,104
172,152
174,77
190,70
144,144
171,156
195,105
149,91
163,71
165,53
183,73
147,149
175,143
184,108
175,102
160,64
195,156
188,127
150,91
177,64
163,122
195,85
185,60
140,98
156,104
140,74
149,54
151,105
199,68
192,50
142,155
195,75
175,134
143,119
196,108
141,94
145,135
140,121
166,112
189,116
170,101
148,157
170,59
151,99
147,145
148,81
173,97
152,83
187,136
183,122
178,61
170,57
147,109
196,51
153,113
161,157
171,114
193,116
196,60
185,56
164,110
186,103
187,50
197,71
179,140
183,151
186,149
197,124
182,71
142,118
176,56
176,71
198,67
183,151
162,108
198,152
183,152
184,156
176,111
181,140
143,105
158,98
197,138
167,112
187,124
190,143
177,144
175,124
163,120
168,122
174,142
176,72
147,142
194,127
181,82
193,119
187,156
193,93
185,132
185,103
150,95
144,50
187,95
185,107
198,82
140,137
151,134
197,121
195,135
147,95
158,134
162,157
183,105
150,150
150,111
163,132
179,135
153,111
193,83
160,77
154,155
172,103
149,131
163,114
143,52
195,145
151,94
162,150
197,138
182,133
175,123
159,97
159,157
179,108
199,142
184,98
155,72
179,94
141,90
170,115
148,133
160,70
165,131
173,80
148,153
182,54
152,138
145,101
177,116
169,159
180,74
159,148
161,106
179,56
178,121
197,73
158,57
196,110
187,97
172,65
155,142
142,143
176,100
183,151
178,88
170,123
169,146
155,136
159,63
188,109
198,75
157,154
174,61
148,103
146,94
187,103
191,70
186,133
142,107
166,146
194,142
186,134
165,103
162,65
184,146
146,80
186,76
159,96
141,108
145,119
159,125
149,95
197,111
188,93
189,58
166,66
149,125
154,110
174,81
140,77
192,89
147,62
173,101
177,70
155,146
157,102
174,103
158,153
198,89
169,52
161,66
154,65
157,69
147,80
167,60
153,94
191,129
182,68
153,64
157,57
192,160
171,111
173,156
175,120
189,53
157,80
182,78
170,105
142,156
146,133
186,134
160,110
184,105
172,154
142,149
165,110
195,86
174,86
192,160
165,138
174,116
152,82
143,160
174,140
164,158
142,113
155,120
156,97
196,152
172,127
179,121
196,119
144,136
167,114
146,68
151,129
146,59
185,143
173,67
188,107
191,72
175,99
149,155
193,139
145,123
171,91
190,95
184,70
175,132
164,98
147,93
184,153
177,135
146,119
143,103
182,108
153,157
140,71
162,129
175,129
179,145
148,64
145,53
184,80
174,60
184,68
172,141
154,135
163,51
163,160
196,110
193,145
198,81
196,64
191,90
173,144
180,156
153,157
163,101
144,65
140,84
196,130
189,75
195,146
177,73
160,133
195,69
180,110
193,151
174,79
166,79
180,150
140,64
143,127
165,56
169,126
193,155
171,79
195,92
157,65
146,89
162,143
196,52
178,119
164,72
199,55
163,85
146,148
194,80
164,90
178,143
160,145
192,63
196,50
169,50
145,62
142,131
153,113
177,98
167,145
156,77
143,90
168,62
161,129
145,90
155,149
176,100
144,146
188,154
145,128
181,138
192,80
140,141
169,147
181,89
172,91
149,113
184,115
160,76
179,114
156,124
191,117
149,102
153,146
185,106
183,91
187,89
142,93
155,153
182,89
183,72
186,78
151,114
181,88
175,118
174,83
185,152
160,122
156,124
193,136
148,86
151,75
179,109
173,105
181,107
186,114
163,139
176,114
172,81
153,160
155,102
181,77
195,87
193,112
155,140
177,137
146,121
191,119
190,119
173,132
159,72
148,90
185,150
140,86
153,154
165,159
181,72
147,79
143,78
174,131
169,144
147,60
156,96
184,106
145,135
193,127
178,71
141,154
187,94
149,63
165,122
196,57
160,154
162,137
167,108
176,55
180,148
176,85
165,77
161,124
149,98
161,91
175,51
158,153
153,91
189,135
199,140
151,95
143,151
172,129
151,79
166,155
151,118
185,99
150,150
167,54
157,129
142,146
152,69
197,70
180,87
161,98
164,84
143,124
177,80
184,125
157,79
166,54
197,69
154,134
192,100
141,98
179,115
193,73
171,82
176,121
165,101
174,105
197,92
173,146
164,94
150,126
178,142
146,112
175,66
172,141
161,140
173,141
187,121
156,144
197,132
168,142
159,135
186,79
154,88
156,75
178,128
179,91
161,111
175,103
148,77
196,144
199,97
188,78
199,82
152,134
193,59
189,152
186,139
188,85
142,103
144,63
181,62
144,117
170,151
163,154
148,129
194,51
164,143
166,95
163,128
189,149
170,94
191,111
156,89
175,103
195,54
182,54
161,61
143,125
181,128
163,75
191,147
181,80
153,118
177,117
189,145
164,116
179,109
193,105
184,68
145,146
190,52
149,77
185,131
194,92
147,80
145,53
141,72
157,82
180,75
173,153
185,146
175,55
156,52
157,63
159,93
175,151
192,126
141,87
195,84
142,88
198,80
153,128
157,88
187,116
188,62
171,106
177,70
178,81
147,86
199,156
151,76
146,120
189,99
179,94
191,70
145,138
187,128
169,160
152,108
149,105
144,126
182,68
151,124
168,52
181,122
144,59
169,87
192,159
146,121
149,134
156,61
177,141
160,140
164,135
196,86
149,104
152,103
173,107
195,79
182,103
196,123
153,92
197,147
177,129
183,69
190,55
177,99
194,81
157,105
143,139
154,124
166,57
149,95
180,132
178,101
173,54
181,151
176,155
185,64
194,139
177,139
150,51
160,116
186,94
158,67
172,63
190,87
196,89
189,70
188,70
147,122
153,128
193,140
151,64
183,101
156,88
198,98
149,132
193,136
168,117
186,140
171,109
196,63
190,54
171,135
175,110
192,113
170,134
197,114
185,95
184,155
149,84
143,89
161,64
175,156
183,95
161,124
194,75
176,94
178,152
151,56
176,149
180,60
146,151
183,139
149,115
184,135
149,79
156,82
186,120
197,94
178,118
179,94
192,75
181,57
171,76
172,62
143,68
192,147
145,70
179,151
185,105
166,87
190,149
162,135
165,150
171,129
192,158
177,157
192,113
164,86
178,66
180,122
194,62
173,86
175,64
179,154
143,73
143,96
143,75
187,99
177,122
171,114
181,87
186,75
141,57
146,68
155,154
179,131
148,151
149,94
181,140
184,96
158,69
197,133
172,141
173,157
191,76
160,142
193,99
142,140
194,83
198,112
193,97
147,74
179,119
154,51
196,62
174,145
187,52
162,86
174,153
184,86
183,96
162,72
179,55
140,120
164,62
196,101
197,156
190,159
182,145
195,102
178,102
174,103
142,113
164,133
160,142
184,69
144,70
179,107
154,59
187,125
171,69
148,68
151,147
144,103
148,54
188,113
198,130
154,59
163,59
188,69
195,95
141,144
164,74
172,73
196,159
179,93
143,158
152,109
141,87
193,133
161,52
147,148
181,139
172,130
186,114
157,93
164,141
161,122
153,97
165,85
164,100
174,157
142,108
192,139
147,117
166,132
144,56
151,78
164,160
157,98
173,129
198,110
157,53
160,113
159,50
145,84
151,52
149,59
158,82
191,124
180,101
164,61
181,78
170,86
188,103
164,142
171,99
154,142
182,103
145,139
152,151
179,160
199,130
164,138
170,103
170,149
145,130
155,72
154,67
189,79
141,145
170,85
190,111
191,159
170,102
183,64
186,149
153,108
143,121
166,109
189,113
147,93
141,155
174,58
173,76
187,67
177,129
184,103
152,84
160,90
168,113
168,115
144,131
170,53
187,84
175,107
180,94
143,98
147,112
187,98
179,148
153,147
188,144
145,72
161,149
192,88
190,82
191,120
178,142
163,103
148,56
158,76
175,151
158,136
160,93
180,87
181,111
155,152
174,69
143,113
167,160
149,60
158,87
140,133
161,107
172,125
185,103
165,89
172,82
189,84
197,69
161,118
199,79
155,64
182,154
146,138
166,125
140,106
191,79
142,50
199,68
147,51
145,57
145,65
153,79
152,142
157,159
151,110
169,96
186,70
162,121
181,77
169,114
152,105
199,90
182,77
189,158
186,72
174,114
186,118
190,129
194,151
182,112
198,159
147,77
184,138
144,117
174,134
178,85
168,144
152,93
185,81
150,125
174,92
180,156
144,76
193,97
165,106
172,129
192,53
183,157
185,133
187,146
166,63
162,93
154,93
159,99
183,105
190,142
173,125
175,140
181,70
167,63
160,122
170,118
163,156
186,128
189,120
152,69
149,131
165,54
181,100
179,135
186,119
160,94
149,64
199,68
174,56
147,156
143,84
178,97
144,137
144,141
157,98
185,110
199,117
154,150
180,77
194,98
189,148
161,136
168,148
186,114
171,50
195,146
193,138
140,83
159,128
149,129
177,75
192,81
151,63
189,99
152,65
190,93
163,128
161,54
146,96
161,114
157,138
178,134
151,103
144,63
148,105
150,140
172,124
170,147
168,144
180,133
187,127
143,94
194,53
181,109
145,73
147,107
165,132
159,128
159,74
196,120
185,149
164,144
197,88
150,124
147,96
174,107
147,90
150,155
156,96
171,147
170,63
198,62
182,146
173,123
195,78
176,83
183,88
140,78
141,74
148,65
194,92
142,97
199,143
148,80
174,77
165,142
191,73
143,122
147,109
180,78
199,127
155,80
149,149
152,50
180,79
181,160
189,92
175,115
153,89
175,145
142,106
192,153
152,133
160,148
167,141
167,155
185,88
141,149
150,152
185,160
170,63
140,97
168,160
163,140
184,140
147,144
141,129
170,79
157,96
146,153
183,99
179,58
145,54
174,72
163,141
165,139
180,136
192,137
161,126
181,85
162,155
160,127
187,147
170,77
181,158
151,108
144,69
180,104
159,74
195,138
152,63
148,139
149,67
154,135
172,146
143,52
151,65
173,157
149,73
189,131
191,51
188,139
153,81
143,142
143,133
169,132
176,125
156,136
153,101
154,121
191,54
156,93
188,74
160,89
149,129
156,89
179,87
188,155
174,155
154,151
193,88
154,80
195,156
148,57
140,80
198,98
149,99
156,122
153,148
171,59
184,86
177,152
158,109
175,68
175,96
148,94
173,60
164,156
144,160
151,132
184,122
169,155
158,77
194,68
162,59
170,100
160,117
151,74
197,107
151,111
191,74
173,119
167,69
192,61
192,74
196,122
158,154
164,111
156,90
181,114
175,133
168,117
141,150
185,138
140,81
197,102
199,147
162,158
163,153
159,127
181,115
141,73
169,101
140,52
158,123
181,129
195,59
193,133
140,129
195,93
144,125
181,111
140,106
186,93
185,52
173,51
191,145
153,101
196,135
166,134
160,99
170,142
193,111
161,125
189,153
145,145
194,90
165,86
167,102
156,115
142,139
151,157
182,111
173,138
195,74
178,160
195,89
162,54
185,139
162,88
148,97
165,123
198,159
158,134
198,55
152,131
164,127
197,87
144,92
163,95
181,70
192,81
167,71
188,147
193,115
143,151
191,95
183,147
196,63
172,157
154,66
178,90
151,125
180,154
164,101
190,53
146,71
155,78
143,78
173,82
145,159
188,142
190,152
175,111
177,116
199,158
152,130
142,61
181,59
190,86
159,101
180,122
169,154
188,82
165,138
158,121
194,59
188,114
178,60
167,81
172,116
187,146
147,81
199,144
179,148
157,93
147,114
174,124
194,100
174,110
166,152
181,100
165,76
188,60
169,107
175,139
142,132
177,64
169,62
175,80
154,144
167,121
164,140
172,68
155,100
161,125
186,87
157,63
180,143
183,124
156,129
159,85
181,99
191,72
149,134
180,123
154,101
199,82
164,115
167,74
170,80
177,57
182,127
148,73
198,58
192,140
162,143
153,96
190,103
190,95
196,113
169,52
168,159
162,61
147,128
180,83
154,134
179,159
198,85
169,78
163,94
150,127
165,54
158,151
193,132
172,113
155,128
182,94
167,125
140,84
198,138
180,107
189,100
153,100
180,60
174,91
172,94
186,66
151,89
153,106
163,145
197,77
178,77
173,55
159,73
197,140
164,108
168,78
145,143
196,99
163,141
174,110
167,84
190,121
169,114
149,54
140,74
178,120
193,99
147,133
185,105
166,59
168,106
176,105
198,94
178,67
140,108
178,111
187,90
149,65
160,100
164,70
171,132
189,140
172,61
190,93
166,57
154,89
168,157
142,63
148,88
159,118
144,107
148,140
189,139
165,95
170,85
169,127
146,155
178,125
162,126
164,85
178,105
195,91
142,140
175,80
178,123
155,71
146,63
199,93
189,144
149,133
166,145
188,80
189,99
194,140
191,67
182,54
179,77
158,70
159,76
146,139
169,54
158,144
187,96
191,103
197,133
167,73
157,67
192,93
150,126
185,109
182,58
169,144
185,110
192,83
177,132
173,85
196,71
166,151
147,86
192,58
160,143
180,159
162,149
162,53
158,73
140,50
154,96
178,66
151,97
144,158
181,101
176,158
148,52
180,119
154,159
189,56
199,72
147,159
160,138
185,115
188,134
189,59
154,132
148,82
177,56
165,65
154,97
174,148
183,159
182,66
162,93
181,121
187,50
178,119
158,103
158,101
140,120
179,66
165,67
197,55
197,130
189,100
164,76
161,85
166,72
199,92
180,54
170,79
157,138
140,102
173,143
174,58
188,141
152,72
141,103
187,113
189,72
159,138
141,54
168,141
169,67
143,71
153,125
161,127
169,85
183,102
172,87
180,142
177,113
171,91
178,130
149,83
190,115
172,109
165,148
188,150
164,135
185,81
160,54
173,75
140,61
194,119
191,144
157,67
148,75
143,130
198,110
181,113
165,138
147,142
180,53
180,115
164,51
144,77
196,145
140,65
157,106
171,57
177,159
155,145
161,135
190,68
144,139
157,62
189,107
169,115
183,64
144,156
189,56
184,56
184,131
174,132
165,119
190,153
198,127
144,125
178,81
142,67
188,51
143,59
197,125
166,77
141,151
159,111
154,74
182,61
197,74
175,100
145,58
198,57
194,51
140,87
140,74
145,111
192,94
193,59
158,90
147,143
162,112
165,56
156,135
179,153
142,156
150,106
177,66
192,95
163,79
186,126
174,109
144,155
197,138
172,64
144,117
163,129
174,124
181,85
151,151
186,112
196,54
140,113
142,75
184,120
148,54
159,144
175,150
182,125
156,90
155,68
195,79
158,103
145,155
155,112
180,110
187,137
197,88
156,67
155,100
167,140
173,115
162,85
178,73
159,92
144,124
166,160
173,150
146,95
176,56
158,127
158,102
169,156
157,132
147,78
177,103
144,92
156,144
160,112
193,70
165,105
167,126
184,151
195,144
151,105
175,67
165,150
175,141
173,97
151,59
143,78
142,102
185,155
179,131
159,71
166,100
153,54
192,146
160,151
166,138
197,109
150,108
170,109
174,95
186,78
185,87
159,91
148,115
143,154
190,154
180,66
158,54
189,89
160,108
174,145
151,67
148,76
186,98
183,128
183,59
187,152
166,114
180,152
166,128
158,121
173,109
175,105
159,135
154,136
140,86
145,153
151,82
146,65
174,154
146,154
170,111
152,61
145,121
146,72
181,128
169,110
161,111
193,74
166,125
144,86
179,72
174,107
192,93
147,120
178,112
157,89
172,58
149,118
148,74
186,110
144,154
196,129
197,53
178,51
141,140
186,109
140,98
145,122
141,155
194,50
183,149
145,55
193,92
160,97
178,136
141,117
140,65
149,66
195,138
161,86
153,128
193,101
191,72
149,144
158,121
155,113
145,89
183,89
199,135
145,69
187,109
185,125
185,147
169,105
199,136
198,78
196,116
182,100
193,133
171,107
179,122
189,66
150,129
176,95
181,99
150,134
153,148
141,93
155,137
162,134
197,66
169,109
157,99
164,61
160,148
177,79
165,121
186,72
169,151
164,127
140,110
171,135
154,123
146,81
140,94
195,90
153,103
159,69
175,122
187,108
183,149
148,106
146,98
175,147
170,123
193,107
166,159
173,62
199,77
165,102
197,112
164,102
197,78
168,120
149,154
175,131
190,126
152,79
149,59
176,99
178,141
177,106
141,136
180,128
169,119
144,58
189,157
185,155
169,116
172,78
152,106
152,152
148,53
185,152
155,148
164,117
194,54
157,130
188,127
150,129
196,120
187,83
198,160
194,107
197,76
144,122
169,72
186,131
196,144
174,139
180,148
177,59
191,54
193,116
175,90
186,118
168,97
171,82
185,159
194,145
163,82
148,117
144,78
140,142
189,60
181,58
189,118
154,132
149,66
153,153
166,140
191,154
171,98
187,94
163,71
165,105
179,69
198,86
181,81
188,101
142,98
164,151
144,102
143,71
175,122
165,101
145,141
174,137
157,100
162,79
170,115
161,68
145,100
144,105
142,142
170,88
177,105
190,151
170,100
157,81
186,65
198,135
146,85
191,89
186,75
144,68
149,109
148,118
140,61
144,84
172,126
181,143
161,133
148,75
148,61
153,72
150,98
141,110
186,106
186,92
166,86
169,121
169,118
191,149
146,59
199,101
143,91
172,160
155,105
193,117
185,127
165,97
153,112
185,73
170,65
176,83
166,110
195,58
167,156
159,94
179,80
165,125
147,107
154,115
162,88
178,149
184,70
143,92
143,128
147,86
177,119
153,113
175,71
180,148
162,73
177,107
150,151
154,119
161,67
182,150
181,67
195,57
140,70
161,110
167,142
152,85
176,132
167,113
170,68
172,136
148,120
150,126
195,126
195,114
192,100
159,93
145,143
157,114
187,147
187,114
148,127
179,109
144,116
152,135
160,65
185,136
196,88
180,68
143,159
193,142
172,146
156,95
197,76
159,151
185,82
149,67
189,66
172,59
159,71
177,114
162,61
187,157
181,90
193,66
156,60
176,118
147,79
161,50
150,109
156,90
165,81
147,90
184,132
159,143
177,116
150,110
149,78
181,140
147,98
174,78
181,87
172,124
162,115
159,106
149,121
179,144
146,63
197,109
182,99
180,59
146,125
145,85
192,54
148,87
174,64
191,61
146,141
181,82
197,53
167,127
188,85
166,154
146,98
153,107
194,77
184,160
161,70
196,103
165,94
189,52
195,97
169,63
142,76
172,106
194,143
191,118
176,127
146,105
162,94
149,139
196,127
184,95
174,150
154,104
173,150
160,110
190,92
147,160
171,82
173,97
176,101
170,132
188,153
199,56
182,152
190,159
140,139
185,72
188,135
172,130
196,74
159,151
163,159
187,62
149,142
162,62
140,155
199,55
195,120
163,112
185,117
154,151
193,69
162,132
153,132
188,155
147,102
187,153
191,148
162,118
159,66
184,93
169,136
177,140
154,50
149,96
177,71
149,57
187,72
159,82
174,138
154,143
185,62
197,139
152,60
159,52
159,90
183,55
196,145
160,69
198,89
187,97
170,133
198,117
171,134
140,85
182,141
142,63
191,68
164,58
194,115
149,100
161,77
141,87
177,137
158,112
185,103
162,119
190,133
150,79
191,104
186,120
187,106
191,159
158,115
164,89
149,99
198,122
176,159
174,67
188,159
160,87
161,55
191,122
182,54
147,77
182,58
169,113
147,61
160,113
151,76
155,130
176,141
147,117
171,120
150,82
162,118
158,133
145,131
192,60
166,157
146,55
148,64
163,121
158,63
165,115
174,158
185,142
149,154
157,91
153,147
149,136
143,89
150,120
174,112
190,140
146,80
144,105
144,69
156,65
186,142
156,64
178,102
184,130
171,95
177,132
174,143
164,101
167,122
156,118
140,54
189,141
156,149
166,63
163,110
146,110
159,155
169,86
185,119
179,116
187,102
173,138
141,146
186,124
174,63
157,64
164,127
192,65
192,58
193,78
174,152
159,96
196,52
157,71
145,126
151,104
142,148
151,99
180,125
184,109
163,60
153,116
196,150
166,67
198,122
165,108
185,156
167,102
191,134
183,51
173,67
178,145
155,110
187,91
170,78
190,99
144,119
164,145
158,152
168,82
199,107
157,84
189,85
178,58
183,159
165,151
177,95
143,71
181,107
161,82
188,131
170,121
153,98
199,68
141,138
161,144
175,52
193,127
161,158
159,67
151,68
174,84
173,156
161,85
193,126
190,148
173,130
168,160
195,127
151,149
198,148
167,115
170,109
188,160
180,105
183,92
175,119
141,53
151,121
195,81
174,127
172,116
167,153
184,91
154,122
185,90
143,146
172,81
142,155
197,107
181,94
187,50
192,116
171,87
151,84
167,70
162,127
196,157
173,157
165,92
182,120
145,150
143,129
181,88
166,133
155,148
164,57
190,109
165,68
196,63
190,107
154,54
162,83
156,106
144,56
177,154
142,52
166,73
196,110
185,135
194,80
166,154
151,118
142,66
159,130
171,50
151,88
198,127
173,118
180,61
150,62
163,78
160,156
189,67
184,150
185,76
159,139
199,129
165,156
165,63
193,103
156,129
147,105
179,91
156,151
160,142
141,112
153,124
182,107
192,51
177,53
174,51
153,58
180,119
192,83
149,133
179,116
182,72
176,83
188,58
187,113
140,117
142,126
199,99
169,83
199,158
191,126
180,102
150,96
197,116
196,93
162,54
157,99
140,117
153,69
155,137
177,113
154,126
187,111
181,131
179,109
163,130
153,60
172,62
188,129
150,65
147,126
199,110
155,83
178,157
152,56
153,144
168,100
189,84
165,140
148,151
159,106
157,123
170,93
168,149
196,64
141,85
193,106
167,102
162,131
166,55
159,76
184,121
157,52
194,94
192,95
192,81
177,70
157,131
177,135
157,81
198,85
179,147
193,84
163,77
151,122
142,90
194,87
194,122
141,51
161,89
164,121
198,119
160,99
198,65
173,51
177,125
140,50
166,55
179,80
171,129
163,65
154,78
157,138
186,125
158,106
145,117
178,101
169,151
155,138
196,108
153,108
140,94
198,93
164,82
155,141
157,77
163,112
152,132
194,155
143,127
169,51
156,151
151,88
178,115
157,124
157,83
183,93
168,102
196,131
184,158
193,57
178,103
175,99
142,67
149,126
165,85
182,112
145,75
141,111
197,152
146,73
199,52
170,101
198,121
186,105
149,98
153,68
168,124
173,103
141,55
148,98
162,117
151,105
157,159
175,50
171,79
154,155
147,81
168,132
170,128
192,70
192,90
163,107
183,143
196,121
147,154
149,56
145,72
157,89
186,75
163,58
165,121
164,115
164,54
141,146
143,78
154,103
179,147
179,110
154,88
157,58
150,121
166,157
191,159
164,53
171,83
149,121
164,70
160,127
184,65
176,105
180,117
151,85
160,125
180,156
142,50
149,141
198,124
172,52
196,111
155,90
178,108
164,157
151,63
151,126
170,146
140,50
145,65
178,155
187,81
163,65
153,155
198,87
153,89
143,101
177,127
155,131
164,113
170,91
147,50
181,65
167,66
186,66
144,106
141,66
190,116
185,140
189,85
162,57
163,138
178,78
149,53
198,115
145,113
175,154
146,126
187,72
169,128
141,155
166,64
162,122
153,67
154,98
194,81
183,103
151,98
191,149
196,133
172,92
165,76
196,132
172,156
146,54
159,140
147,125
143,77
156,96
142,59
140,96
145,117
165,58
179,110
178,70
161,130
148,80
161,52
166,160
169,87
192,129
143,50
169,129
198,123
151,75
141,140
169,80
194,112
196,60
171,104
159,152
154,81
175,131
180,141
158,156
150,76
196,121
183,67
141,63
169,54
167,148
159,76
195,107
163,152
142,80
156,100
185,98
154,82
143,118
193,85
168,111
147,105
160,61
173,108
158,64
175,75
171,105
165,74
176,78
176,53
178,95
183,85
186,137
198,152
188,150
173,66
164,135
195,64
168,78
180,63
142,96
183,77
190,82
163,123
163,158
142,54
148,60
144,144
166,154
153,122
185,122
194,60
180,131
186,119
188,132
181,96
158,157
189,74
181,149
154,159
141,120
199,74
170,106
150,100
140,59
164,129
181,130
177,89
199,103
184,131
184,102
152,78
163,118
141,50
165,78
171,71
193,142
183,74
187,147
178,99
152,87
192,64
164,138
193,158
190,137
170,118
166,147
198,78
164,60
148,61
167,157
174,100
163,131
173,93
172,51
141,61
159,86
155,130
184,80
171,82
159,142
154,87
149,102
151,134
160,157
199,81
163,124
175,85
184,150
157,100
152,147
182,82
155,156
188,151
184,72
188,92
179,128
149,122
190,141
165,123
180,100
178,125
183,57
163,148
160,73
198,111
150,97
156,87
164,134
181,102
161,137
177,106
180,117
159,72
173,99
173,124
185,89
167,52
153,148
187,112
161,95
157,133
170,152
157,142
182,160
145,55
175,80
188,58
141,59
143,70
174,108
175,159
158,53
147,149
180,72
168,67
145,97
145,127
191,145
151,115
189,136
142,132
150,78
190,112
177,151
190,83
171,138
157,92
142,67
173,118
187,131
165,108
185,107
199,137
153,113
179,69
187,151
185,101
153,52
175,56
174,76
162,128
149,151
158,58
180,80
142,115
172,79
197,155
185,130
170,109
154,83
184,80
151,55
173,120
147,120
188,80
140,150
149,103
191,128
196,93
165,89
165,50
144,117
161,62
162,124
167,76
159,92
194,160
183,80
161,103
172,142
164,125
167,63
177,102
149,150
181,120
167,81
190,113
190,160
169,78
149,119
189,152
141,61
158,52
153,151
151,98
190,146
155,89
186,121
146,73
155,65
153,123
196,102
161,111
186,136
192,129
180,84
141,110
166,120
150,71
191,134
187,130
150,154
143,135
141,154
143,159
156,121
179,70
151,86
191,65
182,96
151,113
152,94
191,81
172,106
181,142
186,129
163,144
159,84
154,113
172,147
142,115
155,159
195,92
182,57
192,107
145,86
191,50
146,90
183,82
198,150
158,100
156,123
144,81
143,138
198,59
155,154
194,72
166,136
143,120
184,96
141,78
169,148
183,104
170,58
197,149
173,149
163,147
165,135
170,151
167,66
195,101
184,135
169,135
151,75
199,120
181,71
195,149
170,65
150,62
180,77
197,150
159,87
166,138
175,83
156,83
183,156
147,86
160,123
184,109
185,106
189,78
150,105
164,144
164,51
149,155
186,144
187,115
149,156
163,157
193,107
197,56
182,66
187,93
170,82
182,61
198,58
193,127
165,106
165,160
154,147
191,157
187,148
199,149
160,85
143,80
160,154
169,50
161,92
171,59
198,151
172,91
177,110
170,58
182,119
193,86
157,64
148,94
189,136
158,153
182,144
160,61
162,64
146,52
177,66
153,141
144,157
146,76
177,61
189,111
160,147
140,107
146,78
168,157
188,138
152,133
182,72
144,116
185,133
179,99
184,62
178,156
143,149
177,137
192,93
175,68
163,107
185,94
150,134
171,100
152,63
156,128
158,59
190,135
196,78
190,139
142,153
195,106
172,82
183,74
186,84
195,55
191,67
194,95
160,91
172,81
199,97
173,157
159,148
183,159
188,67
156,94
150,83
169,122
194,83
147,70
156,62
159,50
179,143
149,121
162,50
186,106
141,124
154,51
177,90
169,99
161,151
163,110
197,117
160,126
166,115
198,126
190,146
155,110
142,116
155,96
164,81
184,100
179,139
173,114
190,118
151,158
175,88
172,59
146,112
183,107
188,57
170,93
184,115
161,93
186,98
182,72
170,111
154,128
196,108
173,119
182,117
148,124
195,147
193,112
175,78
149,67
165,107
198,99
144,149
186,155
188,99
187,76
147,81
184,62
184,128
197,86
186,155
163,104
177,84
164,157
165,141
180,60
182,145
140,134
160,101
144,129
150,85
172,143
151,111
175,92
145,148
150,142
150,134
183,110
193,89
146,63
177,155
166,53
181,143
152,160
194,160
152,97
159,80
165,126
145,91
197,144
152,119
198,147
179,77
185,128
156,95
188,70
197,107
151,55
171,91
169,60
180,126
187,118
160,50
150,83
166,134
144,121
167,123
162,120
192,84
156,113
173,144
155,53
147,122
192,76
186,108
153,102
179,51
185,61
169,59
144,77
155,124
195,138
161,62
196,80
181,95
148,119
163,55
159,160
154,106
157,122
174,97
158,158
175,56
143,112
153,57
177,151
174,156
141,55
158,103
148,65
158,87
158,149
181,136
199,126
191,94
150,127
157,140
178,75
193,69
145,137
175,54
183,138
154,128
140,95
174,106
146,63
189,160
156,136
167,125
169,104
177,151
172,59
188,79
142,157
180,109
164,153
197,147
174,131
190,140
196,145
195,86
193,69
163,84
141,130
167,87
179,142
197,111
172,120
182,143
143,52
151,79
198,54
174,110
153,147
156,156
166,64
167,156
156,97
166,145
182,120
153,65
187,158
192,103
191,71
155,100
141,160
177,60
175,145
166,53
178,107
163,63
140,77
187,75
173,120
153,137
172,117
187,60
194,77
197,111
150,159
195,112
143,90
153,132
181,133
140,108
143,61
150,92
164,96
162,69
184,81
199,86
168,130
157,144
182,121
170,80
159,50
144,67
162,145
151,118
156,140
188,112
194,154
162,109
198,57
168,127
179,104
162,79
151,70
174,62
163,87
177,51
165,115
176,105
142,59
188,123
166,81
158,137
179,159
186,101
187,142
182,138
191,114
152,122
199,136
164,76
141,159
167,56
145,127
155,106
190,123
150,74
162,137
189,119
184,118
167,109
148,59
152,112
198,141
189,51
158,72
159,82
142,147
195,62
190,71
178,61
189,55
198,123
194,130
182,77
154,122
145,103
179,115
163,160
153,113
187,143
192,68
152,138
152,61
149,139
166,112
163,137
156,105
198,75
150,154
156,83
140,92
144,154
191,123
197,85
197,117
197,115
171,124
156,94
186,133
169,144
189,126
165,140
142,91
171,79
168,118
182,139
198,102
158,119
178,100
151,110
167,158
150,62
148,127
142,96
142,139
160,151
157,64
147,89
183,72
176,96
170,79
189,51
154,79
162,58
182,51
176,132
199,76
158,75
155,105
151,71
181,61
197,58
194,126
155,101
166,73
175,158
164,68
190,94
173,96
176,104
176,58
175,139
146,105
163,134
178,56
145,76
142,75
158,152
145,107
173,148
173,94
163,121
181,96
191,72
171,63
178,121
155,75
195,55
155,95
196,68
163,64
163,144
158,145
180,64
161,58
194,58
166,63
142,110
185,69
150,125
155,111
142,74
154,92
143,123
144,118
194,61
172,151
197,76
153,149
184,110
142,144
145,53
192,87
143,140
195,147
193,148
184,144
169,97
153,101
146,81
164,148
162,127
169,90
158,130
188,59
143,126
152,148
173,130
140,124
162,118
155,82
173,141
172,68
176,57
190,76
146,103
177,124
189,75
170,152
150,83
166,124
157,156
178,103
176,97
155,64
180,152
189,53
195,121
167,102
181,132
162,77
190,122
151,108
150,86
160,145
192,93
144,98
145,52
181,111
145,158
141,109
188,60
153,68
163,80
151,55
142,155
189,70
148,103
192,107
178,114
157,80
175,77
148,50
175,147
180,99
171,116
167,97
159,147
173,106
153,123
192,60
195,97
194,110
153,94
171,97
197,126
193,101
158,126
170,93
195,114
196,57
147,64
167,147
199,65
198,152
190,129
183,122
141,65
175,131
169,119
175,131
174,73
197,150
141,68
196,142
159,53
198,98
143,125
146,160
190,69
185,102
187,80
167,157
164,142
191,133
143,52
193,71
141,133
175,143
164,59
160,145
152,70
157,119
150,60
170,115
183,149
156,80
148,82
196,105
145,155
158,80
176,142
162,70
157,97
188,61
164,146
182,156
154,83
184,60
194,134
176,70
165,56
190,118
161,128
148,157
184,98
143,71
182,81
170,107
148,136
175,107
166,153
149,142
147,148
191,139
142,58
182,74
141,85
162,63
158,140
182,101
191,154
157,109
168,57
195,139
192,119
184,53
198,137
195,65
178,117
183,145
196,157
172,158
155,73
164,70
193,153
183,73
191,142
188,80
173,119
179,88
174,131
178,149
175,107
157,138
186,95
184,95
162,57
174,52
157,100
153,80
164,50
183,137
179,131
152,109
183,149
155,58
172,66
157,132
188,129
167,122
182,97
151,138
186,109
153,130
156,99
141,53
170,97
190,132
168,85
198,57
172,105
185,137
150,138
142,71
145,126
155,76
164,143
182,71
153,130
157,66
162,150
169,111
199,121
146,160
160,71
179,90
149,50
187,51
183,156
158,153
198,146
186,99
189,140
167,98
168,64
192,124
195,106
169,127
145,109
159,75
146,54
190,70
164,110
191,143
169,71
179,57
183,159
142,142
181,73
180,144
173,115
197,108
144,64
184,85
155,116
160,71
160,64
177,143
180,79
164,67
177,146
156,93
187,124
186,58
179,64
154,153
165,57
151,86
195,97
186,129
180,152
181,82
179,157
173,155
148,86
188,98
199,138
199,150
143,142
154,101
167,86
169,108
160,122
163,94
160,66
171,112
194,146
167,130
154,134
146,159
162,83
147,83
192,107
197,118
180,83
143,144
144,67
195,150
169,129
174,153
157,130
143,142
170,114
173,70
170,157
151,77
180,117
159,52
197,67
189,100
179,123
159,145
174,91
160,99
176,109
150,128
162,117
144,121
188,77
199,68
153,115
143,89
170,60
147,136
195,78
145,109
198,149
158,118
195,118
173,146
195,132
167,154
190,72
177,157
186,130
185,138
142,105
155,59
175,77
155,77
194,60
152,132
199,54
158,74
146,125
152,68
176,151
195,74
171,95
166,148
193,66
199,98
145,84
187,54
175,66
161,71
151,160
160,86
193,152
187,125
142,115
184,99
199,85
147,65
174,151
147,87
175,93
146,149
159,71
161,133
143,80
173,91
181,143
169,55
164,92
148,154
155,107
141,149
181,157
173,150
192,120
149,160
160,109
173,98
198,96
180,118
182,77
171,88
156,131
158,156
174,121
188,64
198,110
188,152
156,103
198,160
186,135
140,131
177,112
163,138
156,104
141,110
197,87
198,53
178,95
167,57
193,120
198,70
199,54
161,83
158,113
150,110
161,129
199,89
152,116
179,68
185,149
140,153
158,142
199,153
160,80
178,119
188,122
152,137
148,103
162,103
172,97
168,118
172,55
162,126
172,109
149,78
147,95
196,143
179,134
167,56
180,114
174,97
146,138
171,69
188,63
184,55
164,83
146,61
172,66
142,62
166,153
185,117
196,100
143,117
161,114
150,143
170,109
159,142
166,125
146,91
193,132
146,67
140,72
159,59
159,129
199,72
168,125
172,99
171,103
141,135
154,129
163,92
195,88
177,155
179,145
186,52
154,60
145,104
192,127
174,85
167,83
164,96
190,150
155,126
156,72
189,143
152,97
157,128
152,117
198,58
158,108
198,52
142,145
151,122
144,75
152,93
144,128
196,134
172,55
193,56
160,70
190,71
178,114
178,143
196,124
160,132
154,64
171,112
170,160
142,115
187,141
143,101
193,157
161,86
157,103
186,80
183,107
154,152
186,107
191,70
140,90
186,57
164,64
179,93
173,86
173,66
171,115
147,105
157,133
190,143
145,158
188,119
141,149
192,94
176,84
177,88
161,79
158,85
150,103
164,158
199,63
165,83
191,130
163,106
158,73
177,120
188,77
173,131
150,55
146,83
155,102
195,99
186,123
172,59
171,76
144,77
162,124
161,120
178,93
181,100
162,108
159,111
146,53
161,51
181,93
169,144
151,102
144,105
171,118
185,98
145,122
167,98
161,120
166,60
197,144
197,150
188,69
148,150
186,142
188,144
152,62
160,59
144,102
199,52
198,75
193,158
156,113
157,122
168,90
166,52
161,125
187,104
149,152
155,110
184,68
161,126
181,98
165,54
155,94
193,50
159,58
181,151
161,115
175,121
163,70
171,124
186,106
165,118
170,55
149,88
178,115
197,147
141,134
175,148
159,128
173,76
191,57
195,75
170,95
159,100
183,113
175,88
164,154
161,127
188,135
146,139
150,67
189,125
187,82
150,133
159,147
145,147
140,134
179,76
160,142
185,60
181,57
169,126
194,79
188,88
161,98
149,127
196,149
157,147
161,134
196,133
156,130
179,93
146,83
145,116
181,99
155,130
181,154
174,50
171,135
150,138
153,150
145,157
170,125
156,156
162,125
198,105
141,86
168,127
188,85
151,59
192,108
143,107
167,112
165,156
141,66
180,69
164,135
192,80
148,149
169,117
159,124
158,105
171,91
194,137
173,101
181,90
149,52
157,118
163,151
174,102
158,119
157,56
183,122
172,80
145,128
197,92
161,70
181,70
167,92
183,88
189,123
175,158
192,152
185,124
141,63
171,55
151,54
171,150
165,95
151,53
174,104
156,146
180,52
176,108
180,135
162,145
146,122
190,157
192,97
180,83
175,130
162,124
166,106
144,91
172,59
152,72
165,123
150,106
165,154
148,160
178,65
150,130
172,58
167,135
156,143
156,70
171,108
156,75
140,55
196,148
141,97
179,154
164,138
183,54
150,117
176,53
182,157
158,60
151,88
163,83
187,73
192,94
160,157
181,123
144,160
173,133
189,149
144,92
192,119
188,104
153,94
181,145
140,135
191,114
143,136
178,82
187,83
153,116
198,63
190,97
165,115
177,111
181,91
152,97
163,107
158,107
165,63
188,152
166,63
180,80
150,153
166,63
190,95
160,151
140,76
152,157
158,138
157,138
184,122
175,138
171,123
175,76
158,97
158,73
194,90
186,111
156,63
144,108
168,118
163,50
149,103
144,86
178,150
191,118
192,122
144,55
140,54
176,102
191,155
185,153
154,85
171,148
198,140
164,125
198,75
176,80
184,101
158,134
149,62
197,61
157,101
162,119
154,152
183,106
143,137
143,59
199,71
177,53
193,59
187,138
183,111
159,56
156,107
164,127
162,91
189,157
173,53
166,71
184,160
195,154
182,76
149,60
154,99
148,152
157,89
165,89
142,109
169,102
190,73
166,58
150,56
142,99
175,109
161,104
186,79
170,94
171,155
184,126
182,67
153,154
189,121
179,158
156,63
195,96
142,126
195,131
142,115
169,95
161,86
179,96
162,96
179,77
155,107
176,110
149,137
184,121
152,122
142,143
159,126
147,115
184,116
178,159
165,151
158,78
176,67
171,134
168,131
173,158
161,151
170,116
189,156
161,142
143,90
159,136
197,65
163,60
165,103
179,91
175,148
185,146
177,91
145,109
155,80
186,102
177,98
164,71
174,130
146,78
154,125
144,135
146,102
157,143
150,120
196,76
196,73
169,104
192,128
168,70
145,63
147,105
187,144
175,142
190,116
160,55
190,50
179,109
140,62
152,78
161,90
155,115
141,123
141,143
143,112
188,142
175,101
156,150
178,62
165,96
151,59
155,63
157,54
199,126
166,135
144,51
178,65
143,72
153,91
176,95
177,139
158,144
167,82
186,72
153,62
168,108
156,70
179,152
150,139
157,103
148,67
162,82
165,91
182,93
150,148
189,153
191,93
164,145
142,100
167,111
194,114
177,144
148,121
199,122
196,82
169,150
172,125
174,106
186,63
175,115
198,125
188,127
195,74
165,100
178,62
167,76
197,151
144,138
143,57
191,156
148,148
144,90
169,143
181,90
158,137
198,98
145,93
144,154
184,55
167,131
142,78
161,56
163,83
153,87
156,95
170,59
143,143
159,60
160,66
148,92
172,105
186,72
164,99
147,151
173,59
147,124
164,133
175,137
167,93
179,145
169,121
189,147
153,147
171,105
142,129
164,109
146,135
193,84
187,57
172,124
150,102
165,160
164,78
174,102
140,124
168,149
189,116
152,78
172,155
187,153
163,85
193,130
172,63
181,84
189,109
199,98
155,65
141,74
160,124
179,117
167,52
148,83
160,106
154,62
163,78
169,130
183,58
199,83
193,143
193,102
146,71
197,103
159,85
193,59
170,115
187,114
142,59
145,73
150,158
174,86
189,101
177,54
148,158
160,143
141,72
169,141
193,107
170,96
169,71
165,105
161,151
183,112
193,82
159,127
154,151
163,67
194,121
198,66
168,143
151,71
170,131
160,140
180,112
158,78
172,146
160,67
174,88
151,53
164,116
155,134
166,103
196,124
192,119
173,114
168,124
165,155
178,107
188,158
165,150
155,57
192,141
194,67
196,134
189,70
181,135
160,51
196,87
187,123
144,77
153,117
177,92
152,65
185,134
152,136
145,95
176,132
168,82
151,71
144,70
181,76
171,70
181,117
140,106
182,160
195,50
191,122
177,139
168,102
199,107
198,153
188,86
143,74
167,138
193,143
186,108
194,69
144,122
147,136
153,59
196,133
168,107
144,113
158,76
158,55
199,111
190,148
173,52
145,117
191,133
194,55
184,52
193,55
188,149
173,91
173,62
189,125
151,123
184,104
157,141
194,154
160,111
186,154
178,74
168,149
171,136
186,134
179,157
170,156
164,158
180,108
168,101
156,75
160,71
152,52
197,79
142,84
156,152
185,102
187,110
168,152
145,155
150,67
149,92
143,126
153,118
190,82
199,116
156,111
152,73
145,124
164,90
190,80
159,58
197,85
141,99
198,86
146,145
154,50
167,101
183,136
144,88
180,68
193,101
184,53
159,82
152,105
185,113
168,52
178,53
170,146
168,88
186,123
187,88
157,139
186,71
184,64
143,88
164,140
161,136
180,130
162,154
192,100
192,139
162,50
159,140
192,129
195,72
167,79
191,73
166,150
151,124
187,119
151,105
147,96
181,64
194,145
182,131
197,102
173,61
198,61
186,130
184,133
143,143
160,66
184,76
193,106
185,108
143,81
154,115
196,78
179,113
142,138
164,114
142,146
187,110
159,133
159,62
199,75
145,150
176,99
189,125
152,101
154,153
154,140
191,149
144,91
164,151
187,123
163,135
168,145
185,139
185,89
147,135
182,66
158,130
185,81
166,109
186,105
178,73
187,132
148,157
140,85
181,124
157,151
187,75
196,54
192,73
195,124
159,153
181,54
180,101
199,99
160,142
167,57
173,58
168,78
166,106
147,159
190,158
157,127
190,136
155,85
156,88
146,66
193,86
191,87
197,140
170,147
168,108
177,155
148,65
198,141
143,127
146,125
144,87
198,109
167,61
171,119
165,145
194,76
165,54
182,122
171,157
154,148
157,67
176,124
154,96
181,58
174,156
188,82
166,73
170,119
180,129
197,124
179,102
184,128
157,107
199,151
178,104
196,128
173,50
154,65
157,83
141,147
179,125
175,71
143,123
160,100
165,153
170,124
175,54
173,64
145,138
158,65
194,160
171,97
150,152
145,156
197,78
192,64
167,145
167,92
176,140
145,81
166,75
144,105
170,146
150,81
183,52
190,77
182,80
184,140
154,61
176,113
187,101
141,121
150,131
182,142
141,110
175,52
173,66
145,103
175,67
159,112
178,87
163,111
146,72
161,65
199,135
198,101
194,107
143,61
160,97
179,60
168,107
188,143
163,112
190,59
144,160
175,92
162,75
188,72
164,58
184,57
186,120
192,122
197,80
177,91
162,116
185,131
175,121
186,84
172,85
187,52
161,61
163,117
167,94
150,100
153,102
163,86
184,140
194,149
173,112
153,62
154,114
165,86
147,119
192,121
149,136
157,130
192,90
162,51
171,122
198,107
190,126
154,52
173,134
144,152
173,67
195,101
170,85
167,59
196,112
158,51
154,119
143,151
146,65
197,109
146,70
183,114
181,63
193,124
165,145
176,160
147,133
159,64
165,103
184,89
142,121
141,103
149,157
186,147
195,158
161,58
171,54
150,56
189,130
172,123
178,148
161,156
165,104
180,78
180,124
151,135
163,160
172,150
153,92
187,129
162,130
189,109
144,144
153,119
155,63
193,71
183,135
180,148
193,106
178,63
164,52
162,72
175,108
185,121
164,80
151,119
188,149
143,99
157,74
149,105
147,118
190,123
177,139
180,126
156,133
144,92
152,111
159,135
155,137
144,124
166,53
195,144
192,85
145,136
197,151
171,132
193,153
192,69
142,87
183,116
179,111
195,140
171,148
182,120
161,51
166,63
174,106
188,152
193,147
168,134
148,144
184,92
153,151
183,99
177,140
144,73
142,106
192,59
173,75
148,159
184,121
173,67
152,143
191,134
162,99
172,120
195,100
169,136
159,97
197,155
161,107
185,72
176,152
189,65
194,101
142,91
186,144
144,122
192,130
194,86
173,140
176,93
179,143
151,147
199,78
189,126
161,72
199,126
193,81
188,68
162,51
173,63
155,58
195,57
171,63
178,70
195,104
189,153
177,73
178,59
198,145
193,77
172,108
161,121
169,120
159,74
178,151
143,52
145,63
154,98
179,78
154,66
181,141
188,158
147,73
166,136
173,105
141,155
196,103
172,121
182,88
154,59
158,52
178,145
142,80
140,66
166,64
180,86
162,113
156,69
169,131
164,94
150,88
154,67
155,156
153,122
193,115
156,72
159,69
187,112
151,91
142,83
161,63
156,57
199,110
163,157
198,144
142,86
199,150
153,149
185,104
168,114
174,134
184,151
163,156
189,158
199,141
194,97
191,141
164,59
147,94
198,71
182,145
152,127
147,56
177,94
191,133
181,65
141,99
152,133
157,96
186,71
152,135
142,153
171,104
147,109
198,134
176,127
164,120
168,72
199,118
187,95
159,150
142,137
158,93
157,137
196,58
183,86
152,105
170,81
191,72
169,89
146,117
169,124
184,92
187,128
166,54
148,116
184,129
150,136
181,78
174,98
169,74
145,80
164,98
158,130
155,139
179,146
193,126
165,55
188,129
174,124
153,117
182,51
196,64
153,71
192,65
143,60
187,146
194,122
162,123
160,75
155,144
140,120
148,117
164,82
157,95
189,86
157,69
194,104
162,83
170,82
185,120
146,51
151,147
144,92
174,82
197,64
151,107
166,50
193,158
157,109
168,114
145,159
172,143
154,152
167,127
196,139
159,119
175,73
196,159
148,81
155,154
143,52
186,74
185,89
194,99
162,105
172,84
198,110
190,56
153,59
150,124
167,59
172,54
170,79
184,130
195,117
180,107
195,80
147,76
150,63
195,74
141,159
186,50
190,153
147,128
179,150
163,151
169,120
158,152
141,103
181,87
194,146
179,77
154,97
167,60
193,108
180,56
168,79
178,91
173,109
150,112
195,80
142,70
197,131
169,54
191,86
198,91
191,147
167,68
197,105
171,140
191,157
196,82
145,142
185,73
176,115
180,80
199,146
144,157
157,68
199,93
168,92
190,129
167,88
141,156
140,136
174,127
153,56
171,109
181,100
148,139
144,117
190,54
161,120
178,106
159,107
190,155
195,85
193,70
142,87
175,80
152,134
198,94
188,141
185,54
148,102
164,103
188,103
157,129
160,74
155,61
187,119
195,81
144,54
174,159
150,157
166,150
155,64
188,58
153,125
189,72
154,54
145,89
142,136
142,127
144,153
144,50
161,74
151,62
195,149
190,122
169,130
167,138
188,140
170,64
185,74
152,66
192,158
171,104
144,101
177,133
165,98
171,149
174,100
145,68
191,68
145,58
192,59
192,131
176,133
173,107
164,147
144,131
190,76
186,68
199,142
179,85
174,123
142,140
182,123
197,71
189,81
146,65
194,81
196,143
176,136
196,158
170,63
198,149
148,140
153,108
160,56
151,89
145,153
164,113
195,81
171,149
194,77
169,70
190,64
184,91
196,149
161,131
191,128
174,153
168,73
199,100
197,103
184,62
176,100
165,96
175,66
141,115
165,81
153,157
168,80
149,135
175,129
194,73
196,58
151,114
170,114
178,67
196,92
174,114
192,73
167,156
179,55
143,71
179,77
140,124
188,141
154,80
188,119
170,155
152,52
186,136
164,62
147,96
163,75
164,136
186,75
149,142
171,56
156,131
188,154
184,64
179,61
195,95
141,146
140,143
149,59
173,120
173,87
164,68
150,146
172,146
158,63
158,109
184,57
176,90
186,157
193,153
165,83
149,122
162,155
164,58
174,53
147,148
188,160
190,100
197,64
177,157
143,141
188,82
171,78
159,67
145,50
146,108
177,104
157,92
198,75
150,73
198,102
183,97
141,153
167,154
159,83
191,92
142,148
182,84
194,81
183,92
175,76
194,62
179,51
147,125
145,56
162,124
180,143
140,62
140,127
190,86
185,145
149,96
143,149
168,59
159,126
182,87
182,126
163,92
182,80
140,132
193,56
158,75
168,148
145,86
155,101
152,144
190,97
161,95
174,95
188,77
168,121
173,51
191,83
149,149
175,67
147,142
140,107
157,90
154,85
192,108
143,142
185,136
191,85
165,139
144,94
167,57
161,64
178,108
178,156
168,142
154,52
184,61
147,113
177,67
197,89
188,136
188,101
156,160
198,113
143,133
190,87
166,157
152,143
191,121
164,141
198,115
173,158
142,88
182,59
199,73
172,56
168,53
178,147
145,63
150,145
183,99
177,65
165,139
182,150
159,124
193,115
170,83
185,117
153,107
159,141
157,74
199,58
181,127
193,73
170,58
176,156
146,118
199,83
166,77
149,159
193,106
183,78
192,78
142,95
196,141
199,60
181,117
144,132
198,96
146,126
141,73
183,142
173,74
144,112
167,156
178,130
174,132
189,126
153,59
193,149
170,68
180,74
196,159
159,67
141,118
165,111
154,122
195,108
140,122
157,85
198,85
144,135
183,153
182,53
191,58
173,150
185,124
188,137
152,81
153,92
175,95
194,65
165,75
172,133
156,139
142,115
177,116
154,62
160,79
141,74
152,154
149,68
144,153
189,141
140,86
178,110
199,91
173,144
191,119
195,133
153,70
162,155
171,84
150,60
170,53
159,70
193,83
175,128
149,152
163,124
144,135
166,114
188,128
182,89
170,137
147,133
148,82
143,102
191,144
170,107
165,115
188,94
153,119
153,53
148,70
172,136
176,123
156,68
172,152
181,94
158,74
178,155
173,118
195,148
163,60
187,114
195,96
176,149
155,157
184,97
180,86
149,54
182,78
159,74
164,136
141,131
194,150
186,121
141,64
171,159
184,135
142,119
166,120
172,118
157,102
183,125
180,140
168,74
177,111
142,61
183,120
175,79
150,72
148,95
179,125
182,130
144,141
167,68
192,115
154,64
159,90
191,88
167,132
168,75
194,64
156,114
171,59
159,157
190,61
197,154
180,98
167,103
154,70
166,136
192,143
181,117
175,140
198,142
160,81
167,53
190,77
185,66
194,113
196,112
155,118
186,139
189,82
163,107
157,96
165,97
155,77
197,132
141,91
146,100
159,133
172,150
164,68
199,123
174,83
159,118
164,149
167,133
163,110
190,67
181,118
185,109
169,75
193,143
182,149
150,139
144,54
178,107
195,98
156,79
187,111
160,127
169,90
161,135
170,147
199,121
162,99
150,130
169,66
180,130
141,136
199,153
149,79
182,53
149,141
198,75
194,142
147,62
157,101
177,85
189,143
199,114
197,126
165,127
185,62
195,98
186,132
180,61
145,81
150,58
144,53
164,119
174,102
173,131
162,74
151,118
190,138
189,113
176,132
196,160
151,132
154,101
192,122
183,120
178,102
142,64
170,73
166,108
150,95
187,94
197,108
178,137
187,126
176,97
156,125
172,140
143,144
180,141
144,84
172,139
140,143
176,137
152,123
184,57
196,136
182,149
182,123
186,95
196,97
194,112
178,119
195,103
144,108
152,122
173,91
193,114
152,149
198,138
175,89
159,111
145,104
163,126
164,101
184,71
198,130
194,67
156,54
196,87
178,135
188,93
181,77
153,148
160,146
174,151
186,93
158,82
152,104
157,63
183,157
175,154
143,85
198,59
142,72
165,120
172,121
169,73
172,108
166,51
192,159
172,81
144,57
140,106
177,87
149,118
155,132
159,127
157,67
140,99
179,50
151,142
159,107
165,61
140,79
156,68
185,78
144,122
184,104
164,82
176,148
151,139
150,125
174,54
156,107
165,125
179,56
197,98
180,91
171,77
175,97
195,75
153,74
170,74
173,50
142,125
144,126
182,59
149,51
150,84
168,149
175,70
150,77
158,56
149,87
167,143
158,114
169,153
165,58
196,57
142,94
198,71
159,122
158,139
149,127
180,53
199,66
155,74
187,93
179,84
188,121
141,94
184,56
177,100
193,123
199,135
176,135
190,76
170,123
147,90
173,102
169,108
185,82
169,154
145,119
170,113
173,138
197,106
179,132
184,160
151,98
146,128
146,73
163,74
178,98
168,53
175,67
186,80
192,55
193,50
178,114
179,107
152,82
183,69
164,61
161,56
190,150
188,154
141,61
142,92
149,126
153,57
149,102
153,60
144,148
184,89
185,153
183,153
148,159
184,139
144,50
157,135
178,117
140,117
193,89
182,50
142,73
157,98
177,136
156,112
147,70
166,160
156,118
181,125
192,108
171,128
189,71
158,146
155,134
163,77
171,128
153,94
193,91
153,88
181,56
170,55
180,83
192,103
180,141
193,64
148,88
177,88
154,85
185,83
178,75
176,88
174,85
162,159
187,136
144,57
156,71
173,143
141,149
161,141
175,132
167,104
163,153
181,114
197,67
153,85
178,130
158,92
147,90
165,68
161,66
159,63
182,75
142,125
195,79
188,74
140,115
147,57
197,70
191,123
159,71
166,111
153,59
166,142
155,106
191,130
174,50
148,82
178,125
187,51
143,79
154,104
171,150
191,141
157,126
189,153
158,124
182,107
153,121
184,109
143,144
176,53
185,63
168,84
180,120
147,137
177,111
186,149
195,114
162,118
162,81
158,75
172,125
194,93
186,94
153,126
145,65
172,96
141,134
185,98
186,87
186,121
152,108
179,121
182,76
154,75
193,92
166,114
184,157
172,92
163,138
141,151
151,142
149,79
194,158
189,158
153,117
160,101
193,144
152,64
192,126
157,125
178,95
165,101
197,91
166,107
190,149
157,55
140,94
184,59
184,110
143,121
187,69
177,129
181,105
187,130
164,67
154,69
189,114
144,52
197,97
146,145
186,99
178,50
191,68
181,138
199,101
176,93
154,67
158,120
187,103
159,70
161,88
159,159
176,111
167,74
193,86
173,108
148,91
144,93
198,111
170,157
165,139
197,97
155,140
163,120
164,78
185,146
148,129
187,142
181,132
199,111
194,74
191,135
187,55
149,123
147,65
142,121
153,62
180,144
188,151
144,100
142,125
163,86
141,83
183,61
193,97
198,87
174,154
171,100
145,57
158,88
198,156
154,82
156,106
154,77
192,68
196,153
165,155
143,112
160,150
178,73
144,81
183,67
186,58
188,125
149,83
174,62
158,154
193,109
161,89
141,88
171,151
198,151
142,137
179,53
156,153
152,104
159,105
165,141
170,110
184,106
165,79
142,159
150,71
153,105
180,143
161,94
170,55
198,87
140,130
163,50
199,98
192,57
155,58
199,133
190,147
156,103
193,59
171,62
172,104
195,50
145,81
154,75
187,110
195,117
150,125
156,108
171,88
191,57
173,123
191,135
155,120
182,147
147,75
193,97
159,129
163,132
197,122
172,106
143,64
194,128
156,155
177,157
174,132
148,154
181,111
188,79
188,74
178,139
146,51
142,51
142,117
153,111
183,60
161,130
198,53
148,51
179,128
196,79
192,73
170,122
164,127
195,82
159,89
164,67
166,141
177,101
160,79
179,89
144,136
174,95
175,103
173,108
145,82
190,75
190,62
160,64
194,139
177,101
166,55
166,159
178,97
155,83
185,127
195,70
152,147
175,148
155,59
144,112
162,107
198,55
154,121
148,123
153,98
195,105
165,108
187,112
170,97
170,62
161,66
172,71
173,151
184,76
189,75
174,127
158,139
169,119
169,159
193,158
191,70
166,128
153,114
195,145
157,83
175,98
174,140
174,92
157,157
175,54
154,158
162,62
193,72
151,152
173,104
191,53
180,159
187,93
152,113
155,73
173,101
174,85
155,69
197,84
156,64
140,150
167,57
183,115
162,65
162,131
148,137
177,118
172,116
155,155
156,116
141,123
157,127
171,58
144,73
163,139
199,147
149,146
174,127
169,147
147,107
187,146
198,157
175,110
149,68
191,110
173,113
194,144
189,109
192,109
170,121
167,137
198,110
146,125
165,138
162,139
195,55
190,153
179,102
185,127
192,73
193,123
181,135
184,91
141,68
176,131
159,97
192,96
196,160
198,83
145,153
169,149
177,96
146,115
160,57
153,129
153,131
156,68
152,79
193,104
187,142
159,97
177,120
158,106
164,130
161,77
161,80
172,132
173,60
157,89
148,152
148,53
149,102
157,112
148,70
164,107
149,98
155,125
175,87
173,102
149,111
155,124
183,50
173,108
185,77
186,134
165,87
182,149
165,62
195,72
143,142
185,97
175,146
195,153
186,76
145,56
152,116
174,156
142,94
171,70
180,56
176,94
195,50
142,107
155,152
188,62
182,145
155,112
198,76
163,156
194,65
169,112
182,117
172,96
151,59
172,113
182,154
176,149
143,127
162,89
167,82
198,114
177,157
187,79
167,78
162,76
199,85
190,96
176,128
141,82
168,57
194,50
161,84
155,95
198,134
197,150
147,118
177,106
179,111
161,148
145,150
158,121
173,59
167,78
158,85
151,154
180,88
177,156
181,105
168,103
188,145
158,134
167,141
177,155
195,99
159,125
187,103
156,153
174,146
183,100
172,118
193,96
171,56
168,57
166,155
177,152
156,57
170,110
158,91
180,149
165,101
197,93
152,111
182,72
152,70
151,153
162,119
151,122
170,53
146,103
193,124
148,134
181,94
187,70
176,82
167,76
156,75
191,149
167,107
171,120
198,82
192,59
143,148
181,127
165,108
153,57
143,135
190,125
158,99
189,117
188,122
146,130
161,62
184,124
178,82
179,159
154,108
162,101
190,115
183,79
163,50
149,94
165,112
172,94
141,68
184,160
174,91
169,139
180,85
182,87
183,154
193,81
193,128
150,82
196,73
171,156
182,136
175,62
147,143
185,82
172,150
171,103
142,97
161,156
186,154
167,103
140,160
185,95
186,82
173,95
151,113
160,91
172,91
171,115
157,89
170,111
166,86
145,156
178,118
190,107
153,78
157,142
194,104
159,110
156,115
154,63
165,91
152,76
177,143
152,98
192,79
180,78
184,115
165,76
195,65
153,61
194,61
192,74
196,95
186,66
163,79
151,100
151,91
174,136
180,126
191,97
156,73
158,55
189,78
148,157
169,105
149,63
199,101
186,115
198,110
178,102
190,83
196,139
157,117
166,71
196,69
151,61
158,114
154,62
181,64
181,87
172,160
191,133
187,63
187,127
144,118
188,115
190,54
196,91
159,97
178,95
198,118
140,139
180,58
170,50
159,102
178,152
169,138
182,105
189,80
143,93
182,118
188,145
199,159
172,143
162,102
150,140
182,141
185,125
176,97
191,117
184,87
178,77
156,51
173,110
162,129
186,102
146,158
175,102
144,71
165,75
183,110
198,133
186,133
158,148
184,53
164,137
152,148
172,110
173,106
165,103
172,55
194,115
146,147
192,119
167,86
142,119
140,60
181,84
187,71
185,92
181,120
187,145
193,94
147,102
144,67
150,82
184,150
159,86
156,158
196,126
182,65
179,88
187,135
177,94
167,133
192,69
159,84
192,67
150,62
182,89
166,73
143,96
197,82
162,136
196,105
155,60
178,69
166,80
170,122
149,88
199,144
174,135
184,151
159,91
145,134
160,134
175,74
141,61
191,58
156,101
162,93
171,148
193,117
171,135
177,132
162,155
197,65
153,155
191,92
143,83
148,54
191,107
182,132
161,108
154,51
166,87
141,117
171,89
176,108
175,82
172,89
140,136
166,134
149,96
167,148
199,68
162,83
146,53
145,92
142,80
160,101
185,75
194,126
164,78
197,65
166,74
169,76
194,158
174,64
148,51
186,64
159,73
187,72
179,97
161,106
181,109
189,82
196,109
150,92
194,151
198,124
153,93
163,105
162,122
186,90
146,130
155,78
191,91
190,64
145,125
189,110
185,79
158,140
172,105
140,146
179,79
160,128
144,69
181,142
158,104
166,78
192,84
143,58
171,150
182,152
150,141
167,79
152,140
142,137
142,134
177,66
180,142
170,62
182,69
179,62
156,58
186,50
171,110
154,121
197,103
140,99
155,147
176,77
158,120
180,157
142,74
161,53
143,95
177,125
141,139
171,134
167,117
167,75
176,106
151,79
172,84
169,78
146,115
148,100
165,70
174,60
173,114
173,107
183,158
179,107
176,150
146,82
152,113
160,79
194,119
190,78
151,68
159,117
176,140
196,94
155,160
173,112
158,83
199,144
195,150
192,146
167,126
158,71
155,155
170,71
173,156
180,115
151,124
158,101
196,70
185,87
173,119
159,123
169,118
181,153
194,139
174,115
184,58
189,152
144,82
163,64
149,134
179,116
145,75
169,149
169,132
169,90
167,143
168,156
154,56
172,112
168,127
166,157
161,120
165,136
169,53
199,81
148,99
180,136
141,110
167,147
158,102
186,51
140,101
188,152
161,137
192,143
171,154
179,59
196,64
151,121
154,154
171,117
153,60
169,128
162,114
155,142
177,140
159,83
141,58
190,64
160,108
190,160
161,57
150,159
187,68
176,74
141,134
182,58
180,133
195,151
193,56
140,64
194,130
175,56
199,52
159,148
199,130
157,122
182,145
188,60
167,109
145,155
149,139
194,129
187,106
185,79
149,104
170,110
186,118
152,108
171,62
173,54
172,140
177,68
150,53
172,121
193,100
183,108
173,96
186,125
177,81
196,109
191,68
156,134
171,73
162,106
156,104
141,158
152,85
152,53
187,52
147,125
159,126
179,62
185,106
142,139
163,82
192,142
176,119
188,56
166,75
198,136
191,156
187,101
150,71
179,70
143,86
182,159
149,126
192,109
192,101
192,113
158,132
187,76
140,55
183,53
156,152
179,86
164,55
159,104
161,62
158,145
196,124
182,96
182,62
160,99
165,91
180,63
165,100
173,125
145,90
164,53
178,150
174,64
160,54
147,106
158,104
163,134
160,63
158,115
178,100
162,133
184,94
188,131
184,85
165,146
146,160
149,52
148,114
193,160
150,153
192,80
149,85
174,139
186,85
155,97
159,55
193,141
183,112
158,156
194,112
177,104
176,81
182,125
164,133
192,103
184,91
198,64
186,159
194,114
141,96
198,144
162,110
171,102
141,129
154,112
145,153
151,61
191,61
171,147
146,115
172,82
188,109
160,111
151,109
194,67
199,116
198,111
155,56
168,129
154,146
156,97
187,98
149,114
196,144
189,66
146,111
190,63
154,90
185,96
147,83
192,106
197,104
142,130
154,60
180,125
155,70
196,66
168,156
188,139
188,71
143,120
159,123
170,88
194,75
150,137
150,98
142,137
148,122
188,136
141,137
146,79
160,141
181,124
146,67
198,147
195,140
160,86
190,77
162,99
165,76
142,116
194,149
151,105
167,89
179,151
146,151
150,65
182,73
142,71
164,50
170,113
145,134
140,69
189,87
174,122
167,90
164,71
161,69
178,131
156,126
147,151
188,118
171,96
153,114
143,150
188,151
144,159
198,54
191,67
198,57
186,159
166,135
153,146
178,63
172,56
144,84
141,96
142,115
141,104
193,114
142,133
161,158
186,52
184,110
143,140
186,158
142,137
175,67
143,138
165,124
174,60
183,126
179,127
198,100
189,143
143,108
199,147
194,139
174,80
146,94
160,112
158,148
192,56
191,95
159,140
170,101
169,96
149,53
173,127
160,60
177,67
184,61
198,101
161,158
182,67
178,132
170,116
170,60
178,66
153,71
188,123
166,102
164,78
160,127
199,50
195,78
152,95
191,61
193,59
188,138
197,84
165,126
171,146
196,141
169,77
143,65
158,51
189,112
189,149
197,63
173,99
192,144
187,132
196,160
166,105
149,120
190,91
151,72
148,66
188,108
191,105
163,111
152,55
159,119
190,138
156,104
166,155
170,77
142,142
191,127
196,100
198,77
143,117
163,131
187,76
142,85
144,83
178,150
159,126
170,51
146,155
159,98
145,116
152,72
142,158
185,144
172,68
194,107
181,83
144,145
157,50
156,87
160,72
167,118
189,116
165,127
143,64
178,66
174,69
149,120
144,137
150,83
154,116
199,121
199,110
186,73
198,74
165,117
147,145
145,94
140,111
165,118
169,103
149,118
140,150
140,51
170,109
186,94
157,83
143,126
163,155
190,114
148,119
180,127
166,134
190,144
156,94
169,90
174,70
143,124
186,88
171,71
155,148
161,61
179,143
170,114
192,74
153,131
197,110
195,101
161,63
170,146
155,97
189,107
191,72
152,100
189,67
151,103
147,109
153,119
155,64
191,113
144,69
160,157
150,144
172,91
185,78
186,83
199,113
164,81
175,50
152,115
186,53
199,88
194,157
142,72
165,114
183,69
166,111
162,160
166,98
140,94
176,50
178,125
143,108
172,150
169,134
161,87
156,117
182,70
162,126
146,109
162,151
186,117
164,55
191,126
142,55
142,75
185,147
162,117
162,87
141,72
158,146
149,61
170,114
174,139
162,130
156,75
155,154
141,146
166,59
182,108
144,159
146,111
142,125
170,90
142,148
194,68
164,101
144,112
151,125
153,110
177,77
191,77
199,158
143,80
154,129
146,117
166,88
160,73
151,143
198,103
168,57
190,95
159,87
185,104
153,97
193,59
168,98
171,50
196,82
143,140
182,66
190,92
193,104
142,64
192,112
166,67
141,101
182,120
193,60
187,107
169,94
176,122
172,85
174,139
195,130
160,115
195,99
176,125
199,62
143,118
194,124
149,55
172,156
149,125
198,64
196,134
158,83
153,112
164,96
195,64
164,52
173,151
143,135
170,115
190,96
140,56
146,98
160,140
147,137
197,54
156,81
158,70
194,159
199,73
142,63
165,134
150,84
144,73
175,133
168,160
192,86
188,120
196,104
145,96
172,79
180,89
156,82
148,116
180,54
165,160
142,159
168,91
169,50
169,114
156,126
155,141
180,98
188,141
149,96
187,81
164,136
159,131
167,147
189,133
157,159
143,154
162,95
172,151
154,137
172,50
181,83
153,51
177,142
144,136
169,158
177,149
159,96
176,101
185,82
149,137
195,89
157,70
185,79
193,131
192,68
172,75
180,135
159,60
163,106
156,51
141,112
177,66
178,151
151,114
188,87
157,119
146,141
182,74
166,111
146,81
158,87
167,110
188,91
192,67
197,113
183,119
144,152
173,159
198,152
190,126
195,137
181,119
181,137
152,135
191,65
159,96
140,104
140,69
154,115
140,74
156,66
159,139
192,96
156,125
181,66
155,122
197,130
183,58
153,69
168,57
160,112
193,95
189,112
151,120
198,91
149,156
156,154
195,132
181,88
187,88
171,134
149,52
145,92
141,150
196,83
142,132
153,103
150,72
152,65
195,92
170,67
161,145
163,158
172,67
196,156
169,106
142,92
165,147
180,94
197,99
166,101
180,79
143,100
165,160
176,101
160,101
195,124
190,108
184,75
193,98
172,126
195,118
173,84
169,145
158,132
150,145
173,77
144,131
154,64
193,121
165,62
144,60
144,56
169,71
178,60
153,79
161,96
197,72
196,136
144,72
195,89
187,52
178,75
184,61
189,70
185,74
194,146
167,113
159,61
146,160
152,90
152,80
187,142
197,125
182,115
185,58
164,86
141,143
169,147
184,59
173,105
164,154
179,134
196,127
175,90
177,154
149,55
164,66
167,93
153,145
152,80
153,117
189,138
149,142
185,58
151,81
143,99
156,144
168,109
151,126
197,141
161,149
189,119
190,86
154,159
161,132
155,82
197,145
175,115
182,77
166,61
172,59
193,91
146,73
149,70
182,55
195,96
173,95
168,157
171,98
171,131
180,92
188,156
149,108
147,115
188,107
142,149
142,51
151,143
149,76
176,108
195,133
192,88
189,77
150,86
141,142
163,57
158,141
170,90
148,107
171,83
176,50
178,93
162,143
148,63
160,122
168,50
190,84
161,73
167,134
171,71
145,104
156,79
140,139
172,66
177,89
158,141
140,154
169,138
165,129
159,121
147,59
162,67
176,56
163,155
160,80
159,110
180,89
158,159
141,153
147,58
147,114
155,118
168,142
189,142
177,66
168,108
170,127
190,56
168,97
180,145
148,88
175,126
181,119
159,149
178,108
180,137
149,81
150,150
144,58
183,82
155,143
168,99
178,128
176,94
159,71
165,158
190,139
157,114
150,124
142,69
176,92
165,67
193,130
186,132
177,133
147,78
159,99
183,118
168,122
181,114
190,66
151,59
196,83
164,54
198,83
191,103
161,79
162,81
157,52
195,121
171,127
189,92
166,61
178,120
154,106
166,57
181,107
149,139
178,139
171,66
144,155
153,158
167,141
199,52
193,114
192,106
163,55
198,97
177,160
144,151
198,119
145,126
178,99
190,63
189,108
140,85
176,96
180,111
173,63
146,81
169,137
151,92
182,59
162,89
173,63
193,85
167,96
181,52
198,135
187,87
155,102
194,66
178,106
147,79
144,62
150,154
168,91
199,123
193,117
142,90
168,72
152,55
153,58
171,53
166,133
140,124
198,126
165,101
196,78
140,159
141,115
161,117
153,143
176,83
158,93
168,145
163,82
181,114
143,105
168,91
171,88
185,148
177,77
158,84
167,124
164,57
170,90
168,52
142,116
189,116
150,92
185,100
183,98
149,120
144,146
187,154
191,103
169,51
160,138
141,91
192,67
147,76
151,131
185,128
185,68
161,71
155,98
176,59
178,159
147,144
181,56
169,88
182,91
151,144
179,103
171,74
155,74
162,58
155,65
175,60
179,79
146,83
196,78
198,108
187,155
191,148
191,72
155,118
156,54
142,74
176,139
163,140
187,95
198,129
193,127
156,128
162,53
198,60
165,124
195,159
165,117
163,134
180,83
168,138
155,65
162,127
183,110
165,101
155,110
160,124
181,109
154,100
185,53
157,149
190,64
187,87
164,73
159,86
145,122
195,78
145,97
145,96
141,82
144,64
163,125
196,95
150,105
152,88
140,54
184,103
154,81
188,98
145,148
186,154
198,58
141,91
186,58
145,108
143,108
175,80
155,93
196,82
195,92
152,95
174,57
155,59
191,51
158,58
147,109
151,126
159,119
143,99
198,105
167,93
140,150
197,61
195,107
143,97
195,89
173,160
159,135
183,115
199,62
196,72
142,135
166,132
170,97
143,136
156,95
162,99
194,127
198,119
192,143
150,91
165,59
171,141
170,100
187,98
141,68
157,156
191,60
151,135
174,158
163,82
184,95
169,115
155,146
194,148
190,109
189,94
167,104
148,147
172,64
161,110
172,76
140,154
151,160
174,90
170,128
183,127
185,91
156,79
143,135
156,78
165,85
181,144
143,76
172,65
143,149
197,60
179,110
165,129
170,125
182,126
154,130
174,53
189,104
180,149
180,102
165,106
151,58
153,155
170,55
188,60
154,80
144,131
171,85
157,67
199,139
176,100
177,67
164,155
184,131
187,145
180,90
190,87
145,159
185,158
191,114
195,81
165,128
188,140
158,97
191,158
190,58
155,72
174,116
154,135
147,157
140,140
145,57
149,65
142,160
175,146
160,104
147,123
152,105
163,58
162,55
170,129
177,126
162,64
175,95
164,60
153,132
199,122
167,97
184,127
161,89
148,122
151,138
158,74
157,94
170,52
192,88
187,64
191,118
195,112
198,125
165,128
162,88
157,144
155,52
154,72
158,139
194,110
146,100
186,126
196,108
140,121
145,123
144,83
187,130
174,115
167,84
190,102
182,66
144,136
178,60
189,60
147,76
152,99
152,153
168,81
161,122
162,152
178,50
157,50
199,125
194,123
176,87
159,87
182,90
193,108
178,59
170,153
148,147
154,99
197,80
191,144
148,135
177,95
188,128
199,96
150,55
185,107
186,106
155,144
195,115
158,133
194,98
182,129
141,149
191,114
199,80
145,153
193,72
160,112
172,83
140,58
194,128
167,130
175,80
186,69
159,112
160,124
159,129
157,127
193,96
146,141
184,78
178,66
149,151
159,123
176,81
144,104
159,57
184,62
149,148
168,111
176,117
171,160
154,145
163,56
173,67
165,137
161,149
198,84
174,53
147,87
180,136
160,93
179,97
156,143
170,51
170,101
154,73
152,59
158,133
198,74
170,144
142,154
147,56
145,83
143,68
170,123
157,83
176,121
177,126
163,101
198,77
167,98
146,82
161,147
143,57
181,151
166,76
153,54
144,118
188,119
145,82
171,152
197,111
171,120
180,143
151,104
197,87
173,72
157,126
188,152
187,64
155,99
193,127
142,142
164,125
153,158
192,134
151,53
164,71
151,149
177,71
159,84
197,146
175,74
187,134
163,127
188,86
171,81
150,79
155,101
169,116
188,143
177,123
157,153
156,79
166,64
188,108
189,120
193,80
157,119
156,54
175,92
172,67
160,106
189,106
141,100
172,78
167,121
147,156
163,160
163,80
146,142
168,61
165,54
177,78
141,131
166,152
156,65
160,151
160,64
140,145
168,80
187,58
164,71
163,108
167,107
160,104
170,99
147,113
183,138
141,87
143,128
146,92
164,84
155,120
183,112
188,123
190,66
156,133
164,129
166,86
199,134
162,115
169,109
141,69
199,131
150,70
168,79
162,125
183,105
197,140
148,120
166,132
144,92
144,151
197,104
163,92
149,82
193,67
187,103
176,67
195,158
150,86
160,119
145,89
144,99
185,117
173,136
185,91
162,62
192,78
157,68
153,156
184,88
171,74
184,66
183,131
155,140
144,99
149,87
195,123
158,149
180,151
147,103
162,129
144,139
198,140
189,94
172,151
197,154
185,154
174,100
199,126
147,151
153,84
176,105
186,160
146,91
175,55
146,93
162,58
167,156
181,77
170,107
195,87
161,149
162,70
181,95
181,101
142,90
165,149
182,77
173,51
160,70
186,135
176,103
161,119
168,50
164,110
170,132
174,112
186,83
153,62
145,53
161,122
184,140
151,100
179,155
197,126
161,127
173,65
172,85
178,95
180,146
161,116
197,146
150,128
184,82
143,122
183,89
141,67
197,148
164,138
173,157
196,58
155,144
159,110
168,98
163,63
172,110
197,91
183,116
197,80
159,67
142,59
183,82
196,98
196,156
155,128
174,143
186,93
182,89
191,141
172,114
189,102
158,131
158,120
190,147
193,98
179,131
175,103
187,151
189,93
148,95
191,113
162,135
157,99
143,138
166,118
162,64
177,112
183,128
182,89
188,138
140,153
176,54
193,123
157,105
163,139
198,107
187,74
146,154
179,140
182,111
157,131
143,133
158,92
196,132
165,52
148,134
163,111
177,120
199,152
167,147
160,68
167,156
152,55
192,87
181,82
190,63
148,142
186,63
171,123
168,52
193,61
188,141
177,113
176,153
196,150
169,121
157,66
180,58
140,120
191,119
151,148
176,64
194,97
183,114
170,131
180,116
188,124
185,127
181,86
171,143
191,137
150,110
170,62
151,100
183,71
182,136
159,66
161,51
185,146
181,157
196,95
172,77
155,148
151,73
140,89
144,105
149,136
177,109
159,55
150,67
193,73
192,130
161,97
164,99
173,56
193,118
173,59
151,56
168,111
182,63
161,147
186,134
145,95
190,60
175,118
198,69
165,150
178,133
152,145
173,87
183,121
199,146
151,156
187,149
151,137
169,102
169,88
158,56
180,144
168,66
166,144
190,86
184,58
183,121
184,60
162,152
168,132
187,109
170,51
153,73
183,152
158,129
182,151
176,137
194,83
182,94
188,147
160,87
174,135
182,65
192,77
169,127
197,70
198,89
199,138
149,99
191,104
158,140
142,143
182,117
174,78
197,124
155,99
181,67
195,110
154,104
192,90
141,56
142,119
185,69
176,159
149,53
163,81
175,128
164,137
160,82
180,135
161,59
190,106
151,141
183,140
174,79
191,85
184,158
161,75
140,93
162,141
159,122
146,117
172,63
161,83
171,53
188,77
184,111
186,62
190,82
168,103
169,146
186,95
169,73
176,91
150,59
177,121
195,148
187,148
181,76
180,138
160,62
170,100
166,67
163,155
147,146
140,153
171,90
160,89
198,55
168,96
153,150
193,58
156,123
167,137
140,94
141,119
167,116
142,81
196,98
174,71
182,83
149,64
192,108
181,134
166,121
159,154
186,126
143,157
190,87
142,158
146,57
156,89
186,94
181,120
176,149
183,55
179,123
197,79
162,92
149,114
149,152
154,129
157,58
150,84
151,143
197,137
175,148
163,155
155,107
165,84
150,71
162,151
176,127
176,113
181,85
178,93
176,133
172,63
168,99
140,71
150,155
143,109
198,134
152,100
140,159
191,109
188,125
182,70
188,112
162,115
159,100
163,92
174,84
151,50
156,55
144,57
171,154
194,95
184,143
147,133
170,103
184,81
168,108
197,155
180,156
167,81
191,55
188,93
159,110
150,69
158,149
175,118
190,116
169,54
141,96
179,60
186,99
169,157
141,82
153,139
172,160
175,62
169,146
182,73
170,133
187,108
163,131
189,155
189,63
183,142
193,141
179,84
149,120
149,55
186,150
165,140
189,154
179,117
173,54
163,73
161,138
192,140
197,71
165,132
171,125
141,151
166,159
145,63
157,140
190,108
175,87
140,58
175,111
169,113
148,108
188,80
183,66
199,62
191,148
141,149
175,104
182,104
156,129
177,92
163,92
173,156
141,82
160,158
193,112
190,138
146,50
172,137
168,54
196,148
160,133
140,89
144,101
181,150
181,120
166,86
182,145
155,95
195,80
193,75
148,74
170,91
183,116
193,63
185,52
150,54
185,110
175,132
149,110
178,109
186,126
153,110
162,142
174,64
167,143
191,72
175,106
191,156
174,96
151,107
193,159
181,63
155,67
166,83
169,159
167,156
166,81
175,135
157,59
177,86
196,134
181,74
198,62
187,123
188,50
195,122
144,148
188,74
140,98
161,89
191,141
150,56
168,120
166,88
149,112
191,71
180,133
162,61
157,123
165,160
151,132
148,128
188,123
161,154
186,88
187,147
169,149
185,152
184,106
146,126
150,59
194,93
149,87
140,99
183,130
175,134
153,55
192,75
199,135
192,108
161,52
195,57
161,135
174,107
156,135
140,137
193,77
140,121
154,61
189,85
152,101
193,78
173,135
184,95
161,123
195,115
180,127
150,81
177,131
161,130
151,137
191,63
180,74
159,124
179,132
178,79
173,157
155,58
171,157
174,86
195,115
188,119
198,136
166,88
183,110
186,128
195,103
170,74
165,121
149,87
148,140
183,124
198,145
174,150
140,90
162,120
191,77
194,95
153,137
170,149
147,95
183,108
154,118
188,57
168,121
157,96
182,149
196,54
183,156
156,77
154,65
156,121
148,134
144,157
182,122
161,122
146,77
163,149
180,55
156,114
143,101
141,111
180,57
179,85
150,71
140,130
149,140
147,88
161,122
156,103
184,65
186,106
186,82
152,154
174,98
153,119
165,73
159,82
152,91
165,116
177,93
161,95
161,78
153,75
193,113
196,90
185,160
146,129
147,119
170,90
162,70
141,134
189,112
198,105
168,159
146,122
151,73
184,52
141,158
143,88
141,65
157,92
165,60
188,107
178,72
195,82
176,93
173,67
193,157
171,84
194,64
188,154
166,84
146,91
177,59
159,88
148,132
160,117
194,108
181,152
160,71
155,133
169,68
170,152
172,66
190,158
174,73
188,125
164,144
153,154
156,108
150,116
157,138
176,145
171,59
172,135
196,108
198,99
197,64
178,95
176,134
149,96
152,107
141,70
144,105
150,99
146,101
168,157
180,50
171,65
178,82
167,69
154,105
157,115
175,151
198,122
193,106
143,141
166,152
180,118
157,133
173,108
177,156
146,150
158,135
192,91
167,113
181,77
148,101
197,72
183,149
152,102
159,85
199,89
173,96
190,87
187,108
186,141
155,91
164,160
175,148
197,144
142,143
154,68
170,138
195,78
178,94
198,112
199,101
173,108
151,148
168,80
148,73
175,68
166,101
153,71
172,158
185,105
167,131
150,71
166,70
160,110
154,93
179,101
151,143
182,53
150,126
195,126
195,117
154,72
142,83
166,140
143,117
158,86
168,56
179,139
188,69
153,89
152,67
181,94
147,101
158,90
187,118
150,112
162,151
162,102
170,53
176,152
191,141
197,74
169,137
145,56
156,153
199,56
155,57
152,83
150,105
184,100
179,149
190,137
159,110
179,144
153,72
142,62
166,81
146,143
198,73
191,154
142,78
147,59
172,157
181,90
169,155
178,51
142,85
177,80
164,135
186,110
142,119
161,110
184,60
156,123
170,51
195,90
170,128
174,50
144,133
189,114
197,68
163,140
166,51
190,67
142,115
160,89
196,112
181,137
177,81
167,57
153,117
198,89
184,139
169,67
156,67
198,152
147,94
188,122
146,98
156,120
180,65
165,62
155,126
143,114
187,137
195,108
148,145
190,97
168,156
170,139
172,124
140,118
191,63
150,70
195,127
195,66
158,95
149,84
143,132
187,118
142,66
164,55
184,152
192,66
144,80
196,60
157,103
160,149
144,153
176,149
149,53
172,72
161,119
193,99
160,75
161,140
170,98
173,144
181,77
168,157
179,55
143,75
170,70
153,76
159,82
189,139
185,113
166,55
194,132
181,117
148,156
172,141
195,108
155,147
151,101
156,111
198,132
178,106
171,96
140,137
160,148
185,50
179,123
152,85
158,140
161,72
170,130
196,128
161,52
169,128
172,79
166,125
158,75
185,145
148,74
198,131
179,94
175,107
167,107
174,114
160,150
163,65
194,105
152,158
162,61
193,80
155,76
192,120
180,70
174,139
165,69
152,118
198,70
181,80
194,51
194,56
146,52
198,135
171,52
199,77
183,58
148,108
194,121
178,139
160,119
187,66
173,76
162,112
145,98
151,83
167,105
166,83
172,142
189,152
167,88
168,102
189,148
173,151
182,152
171,141
154,70
187,66
166,137
147,82
197,63
198,110
157,144
155,92
165,65
170,133
185,147
162,112
152,157
178,80
152,122
189,152
176,72
178,92
150,115
176,124
147,114
144,64
197,96
197,105
164,131
179,125
140,99
182,80
166,114
171,124
161,75
184,103
183,126
173,88
157,122
169,64
184,75
146,54
152,61
150,95
191,113
163,126
189,59
149,123
181,127
164,92
178,80
175,60
169,135
174,77
150,129
177,148
171,122
192,130
141,55
188,145
160,68
196,76
148,51
149,107
186,72
152,160
164,158
150,59
186,96
180,148
185,160
155,138
190,104
182,129
175,82
189,106
162,55
164,123
153,146
173,109
190,56
167,106
154,50
173,94
190,147
150,145
143,139
141,96
187,113
195,159
149,112
181,124
187,96
141,80
181,133
179,101
152,129
185,113
176,65
167,90
180,146
141,90
180,94
153,93
172,52
173,78
141,116
183,148
160,50
195,81
168,143
199,114
184,114
195,109
190,140
181,54
157,138
193,105
156,76
185,142
143,51
181,107
146,121
178,96
154,125
165,50
178,122
189,94
182,73
172,52
141,135
167,144
163,155
146,69
165,120
182,55
169,107
174,112
188,157
181,101
179,90
199,146
187,91
187,64
175,109
181,82
151,108
154,78
172,146
176,136
158,89
154,67
149,104
184,54
189,142
157,50
152,144
181,73
186,117
173,154
189,124
157,160
180,128
191,91
181,75
147,120
169,69
199,52
166,81
144,156
183,100
169,53
199,53
176,96
166,99
171,145
146,64
161,115
141,121
149,54
160,92
163,118
146,128
188,127
148,93
166,81
182,98
189,153
175,102
181,81
182,137
147,89
173,55
147,93
150,90
158,131
182,125
158,127
197,95
150,78
168,78
197,122
192,114
187,56
149,74
172,149
173,67
175,69
149,108
168,109
194,58
174,84
167,79
188,102
193,112
199,111
142,130
197,95
191,113
179,120
168,141
182,56
197,133
196,53
150,69
180,112
150,151
183,54
157,146
189,101
182,143
170,113
193,155
198,107
178,63
195,136
193,85
186,147
180,53
188,75
182,66
150,67
142,64
146,107
197,103
146,108
182,98
161,108
169,154
151,123
172,142
198,93
164,148
150,143
150,114
148,72
174,139
161,105
158,97
168,99
163,55
142,95
157,62
182,133
195,146
186,129
177,60
190,56
194,148
170,154
144,50
162,129
190,119
168,104
177,131
171,100
143,130
173,121
188,80
156,159
163,100
193,98
142,71
199,160
140,121
162,111
176,100
155,74
162,159
177,100
178,64
177,71
163,86
144,101
181,64
193,69
162,137
160,62
193,69
157,151
177,70
173,96
166,126
183,68
180,100
184,91
162,61
199,64
143,75
170,157
198,71
172,78
145,113
169,53
162,115
179,142
172,96
158,72
193,138
155,69
146,90
145,97
178,154
161,56
143,108
185,98
170,133
162,71
159,56
187,57
150,150
161,127
191,74
140,81
194,121
195,72
180,141
188,150
173,51
150,118
167,154
189,124
169,96
189,133
160,68
161,126
163,72
143,78
146,90
182,87
149,129
141,149
190,74
186,68
160,51
143,58
142,137
176,133
144,106
170,74
158,146
148,109
142,92
197,132
170,89
182,102
148,140
186,138
185,108
144,57
187,69
178,142
194,118
189,108
184,90
184,155
153,153
150,85
142,93
199,76
159,101
193,139
199,81
192,127
140,66
150,153
193,72
170,113
166,53
175,91
193,120
192,108
179,123
152,83
150,145
194,70
157,85
153,96
180,101
158,120
176,87
179,125
198,136
149,76
178,75
190,122
157,138
184,153
194,112
146,106
162,108
188,66
142,149
171,139
189,147
164,154
189,75
178,107
191,124
141,147
158,140
169,159
195,105
162,50
194,62
187,124
162,96
179,89
148,158
160,158
182,81
145,111
178,120
161,157
149,76
174,77
173,145
158,59
177,68
187,143
194,148
186,156
189,137
180,132
190,160
165,68
163,102
196,115
157,112
160,137
183,120
170,121
152,158
199,90
141,152
142,53
192,99
163,55
170,84
172,56
187,126
195,92
184,92
146,102
184,56
162,73
187,86
166,160
171,141
175,84
147,81
142,79
153,76
156,51
191,132
157,97
196,129
174,121
164,72
166,125
153,74
159,149
198,119
165,157
147,70
165,67
167,68
165,59
143,96
189,114
143,133
163,77
178,96
160,144
178,52
150,53
155,91
153,63
197,158
196,107
189,146
173,55
190,154
171,115
170,124
140,74
152,148
171,82
161,128
182,76
143,125
182,134
170,103
162,155
197,75
184,52
197,159
150,103
189,99
191,156
160,82
153,152
184,100
193,96
156,144
145,123
151,138
175,149
178,52
158,103
191,104
188,125
163,153
150,74
150,63
198,126
171,54
162,123
188,69
183,150
197,157
177,66
141,96
184,155
196,107
158,55
154,140
171,158
177,86
191,122
146,133
175,132
157,153
189,133
186,90
165,86
147,63
193,160
183,149
192,137
163,55
189,142
198,112
178,122
152,160
198,128
146,67
179,93
142,55
140,95
183,68
191,77
169,84
166,138
146,58
181,95
182,144
160,122
149,59
156,138
199,101
143,52
167,68
140,51
144,131
196,141
172,70
164,76
162,158
177,80
193,117
174,155
151,91
196,146
158,53
145,101
146,143
181,110
164,155
152,152
183,52
191,101
171,53
196,68
178,84
178,101
186,147
152,65
149,58
175,134
144,121
177,103
163,106
165,73
170,120
183,64
157,59
159,146
148,136
164,50
148,60
153,111
180,65
192,122
186,74
159,127
194,154
158,121
162,67
187,137
181,55
169,127
151,114
186,74
199,136
198,152
168,78
170,151
152,68
179,160
177,147
173,61
163,118
199,149
186,56
144,145
167,131
180,136
142,120
147,64
181,105
186,87
173,157
163,65
163,54
193,85
169,151
160,60
154,53
186,106
154,141
153,128
140,155
157,66
154,53
167,145
158,142
192,71
182,118
147,132
146,69
149,101
159,89
142,154
181,147
155,160
145,69
188,152
189,70
149,96
149,80
157,136
161,105
170,66
183,58
140,142
192,96
150,109
179,160
177,50
168,55
194,51
166,151
199,108
141,103
190,154
154,130
155,80
183,55
185,66
190,111
195,71
183,136
194,121
144,62
154,153
145,50
180,79
185,128
154,123
184,149
177,84
143,157
170,66
190,73
189,101
163,62
167,158
195,75
194,156
176,116
164,87
180,118
181,102
140,78
185,143
183,64
167,51
199,55
196,101
147,112
153,132
161,98
162,101
188,71
193,95
157,135
155,104
198,147
144,132
141,134
163,55
190,58
188,118
187,94
187,58
149,145
172,77
166,117
191,129
157,92
176,57
155,145
165,74
188,137
148,87
166,84
159,102
150,60
183,105
145,131
181,110
184,75
174,99
184,155
176,130
150,152
164,154
157,148
171,159
185,128
158,97
191,84
169,115
193,75
145,145
149,94
154,133
143,52
152,144
159,145
161,94
141,130
148,95
179,101
142,123
180,90
164,86
176,108
165,133
163,61
143,67
171,96
197,150
187,100
168,135
178,84
178,107
197,72
142,90
192,131
190,92
191,76
193,91
145,77
187,136
163,95
157,134
170,70
180,79
199,73
159,148
152,116
146,74
161,83
191,147
155,86
183,92
170,109
140,64
190,139
189,129
195,113
171,56
181,136
190,106
198,78
167,114
163,71
172,65
180,62
152,102
174,155
173,82
144,158
143,151
190,116
178,99
185,67
197,64
195,76
190,83
150,135
151,50
176,122
171,116
178,79
175,139
186,110
185,90
194,157
169,113
190,67
170,133
193,91
184,139
159,136
192,91
146,69
190,116
174,90
159,141
159,94
184,68
176,132
175,97
163,113
196,92
157,90
154,113
195,104
152,106
142,55
149,60
169,88
182,138
168,159
142,79
159,62
165,63
191,143
167,106
144,150
165,148
158,81
143,53
167,143
192,72
180,101
196,80
141,107
146,67
180,142
184,157
176,59
176,108
171,83
173,142
189,67
141,149
169,53
171,132
170,125
162,108
148,136
154,153
160,57
142,105
140,104
171,116
156,111
151,139
197,114
196,65
166,130
187,52
170,160
146,87
154,111
178,60
158,73
186,157
141,148
170,95
175,50
195,123
184,104
192,115
150,102
157,123
178,124
189,94
169,128
159,100
183,54
192,57
146,97
189,149
187,83
183,60
157,59
169,114
157,123
158,122
151,136
192,95
198,112
199,106
174,54
169,144
190,133
146,157
169,73
180,138
150,84
155,106
168,85
145,149
148,124
154,81
165,95
160,125
141,78
156,75
193,86
146,129
152,130
145,102
179,51
164,104
162,67
193,76
183,128
195,138
144,63
167,108
199,158
141,67
172,148
160,127
175,100
184,97
171,146
194,99
155,121
152,123
140,80
153,58
169,157
174,115
168,99
194,99
143,102
149,83
150,145
164,75
186,54
196,96
184,117
143,91
159,106
168,142
191,51
160,97
156,110
169,100
174,54
142,135
151,150
174,160
156,106
173,76
147,122
152,112
195,92
191,62
155,109
160,148
196,56
149,93
167,119
151,131
167,109
167,56
150,63
158,107
184,101
161,69
161,51
172,67
165,71
159,96
167,136
196,158
195,147
192,85
169,54
185,124
197,123
144,59
146,146
176,105
150,97
179,87
184,98
197,71
141,126
171,77
182,131
171,151
163,79
155,95
184,151
183,52
144,119
144,72
157,71
199,63
176,118
171,81
198,92
178,50
199,112
178,92
174,131
169,110
159,144
195,61
195,104
183,94
157,74
155,53
154,61
156,122
177,136
160,101
199,61
172,52
191,67
144,106
173,154
160,91
196,126
176,51
169,146
177,146
146,82
158,124
154,71
169,83
158,88
165,78
185,139
141,154
168,151
184,128
161,51
167,93
146,153
158,84
174,121
181,111
196,109
154,68
178,68
166,147
170,137
150,114
140,98
169,128
154,84
179,92
153,92
195,156
170,140
143,78
165,146
175,110
178,88
193,132
171,106
182,62
197,55
153,121
166,159
198,66
171,68
150,61
184,83
147,66
175,65
171,55
195,143
194,50
183,69
147,73
152,122
168,159
180,78
162,98
164,116
146,138
151,88
176,127
178,55
176,103
148,123
171,51
193,157
198,145
191,135
198,153
150,110
154,70
154,54
170,79
168,92
146,126
189,156
153,105
181,74
191,145
151,67
179,97
187,129
169,147
186,153
146,139
181,132
188,124
192,68
155,62
197,93
142,58
154,115
190,61
172,94
194,109
199,74
190,100
164,93
190,150
146,63
190,116
163,160
188,74
156,122
180,79
148,102
198,107
180,73
155,80
143,71
151,70
150,119
167,115
152,142
185,135
152,80
191,104
194,83
169,158
148,117
142,142
198,160
194,99
191,150
166,156
150,105
148,71
165,144
144,51
177,140
151,155
185,131
146,88
189,75
157,120
185,139
143,69
165,139
182,124
158,76
169,64
181,124
190,120
193,63
157,59
151,157
191,70
162,77
149,132
154,78
147,53
162,92
149,107
148,70
142,156
189,153
175,90
196,123
140,62
188,128
162,106
140,113
168,155
143,62
146,128
145,53
150,123
179,138
189,119
199,61
191,148
149,111
172,96
192,52
194,117
178,83
196,123
174,68
185,85
191,86
163,97
194,102
169,156
140,99
169,57
192,87
177,111
151,148
164,151
157,80
168,95
194,113
197,56
187,59
183,138
159,148
153,152
192,135
199,58
163,98
150,157
182,106
180,77
156,91
198,66
166,66
172,146
194,154
170,107
142,82
195,159
162,102
187,56
170,82
183,110
143,55
177,77
142,61
162,160
140,143
141,56
182,152
142,51
183,74
196,50
185,109
173,85
179,105
166,140
178,72
176,95
174,145
146,73
161,59
180,108
165,60
150,146
173,107
144,159
174,110
167,63
160,124
155,144
152,91
151,54
186,120
185,65
171,131
141,132
149,110
169,58
147,59
185,151
155,71
197,115
179,87
140,119
167,64
148,113
181,71
148,57
148,78
166,145
187,74
161,139
149,99
163,68
157,134
144,86
177,59
182,127
163,126
195,65
153,111
192,86
198,142
165,59
182,116
163,99
191,142
190,64
159,140
153,117
178,91
174,84
174,71
147,121
185,160
192,141
148,143
181,145
161,112
162,64
161,146
193,93
141,137
170,113
179,127
151,146
168,151
192,114
172,65
155,127
182,121
160,93
165,66
186,148
144,109
167,77
159,73
172,65
186,116
149,95
178,76
160,156
159,85
168,53
162,139
157,107
156,100
142,118
145,58
140,117
170,146
179,50
188,71
149,78
146,148
199,64
183,129
188,87
157,74
182,51
157,126
191,123
146,115
169,141
154,85
188,136
146,121
184,117
154,104
157,51
157,124
170,102
186,112
166,90
174,50
154,130
180,63
173,124
196,147
174,139
177,157
181,148
197,92
146,51
187,108
180,146
140,54
149,87
175,90
197,150
196,147
150,144
182,151
182,100
182,60
176,138
177,141
146,149
151,93
160,76
196,121
180,147
147,128
155,56
185,117
195,111
142,54
190,138
195,150
190,145
161,56
196,146
159,55
192,70
163,151
147,113
180,94
163,66
174,112
194,59
198,95
165,155
190,141
166,80
195,85
199,114
181,128
174,153
194,100
158,118
178,79
143,86
184,66
196,64
197,139
177,82
153,113
169,139
193,89
175,60
166,90
143,109
160,59
193,108
143,67
157,50
162,70
161,100
163,69
187,141
162,156
193,88
190,112
142,152
165,115
142,52
178,96
156,100
199,130
195,146
166,128
188,86
184,68
165,153
143,147
170,51
146,82
190,102
171,114
171,151
177,77
180,133
157,151
156,85
179,68
144,134
167,118
144,64
184,150
167,113
147,159
173,115
186,132
151,74
183,109
179,102
174,130
176,97
182,85
185,61
167,71
175,142
164,142
194,154
154,78
195,145
144,144
183,157
174,80
150,98
180,55
162,57
142,115
179,139
146,73
153,104
169,66
166,103
143,160
171,98
198,63
169,73
143,103
188,139
151,137
141,160
180,132
146,144
167,145
178,108
173,63
169,86
193,142
195,91
194,87
169,142
163,123
159,158
175,64
170,54
171,54
164,58
177,130
177,132
159,108
178,115
140,155
156,126
176,113
159,148
143,152
162,59
148,137
196,145
148,72
163,157
171,101
148,68
161,125
151,149
144,143
160,105
187,137
147,158
149,95
146,116
183,68
144,131
184,120
166,135
199,126
147,144
145,79
145,109
150,111
185,54
199,84
195,104
154,143
199,142
157,138
185,130
185,60
184,91
145,100
197,65
197,109
158,69
156,63
175,103
188,97
160,111
182,82
188,156
154,71
177,120
183,82
194,104
147,149
189,148
182,155
193,52
177,114
180,120
154,136
142,105
192,123
189,132
171,116
196,137
149,97
175,152
172,69
196,136
162,59
172,98
154,81
167,153
140,78
156,138
186,74
186,140
159,136
178,85
157,139
148,128
161,68
147,54
179,127
191,111
155,120
190,55
196,115
161,116
169,152
183,83
147,97
148,151
182,53
142,118
158,126
142,98
192,119
143,152
176,73
170,96
147,84
146,57
197,141
157,148
161,62
147,151
162,150
161,51
175,130
193,152
141,102
160,142
166,67
174,146
153,99
147,72
147,157
172,155
156,136
149,131
149,92
180,147
190,100
168,94
177,156
188,95
146,143
198,113
161,108
193,96
179,90
172,136
171,72
168,112
142,139
193,126
152,92
192,99
183,145
171,89
189,150
190,86
194,106
199,90
194,50
162,141
193,53
150,51
193,131
187,68
163,93
145,147
178,118
170,87
182,105
174,105
155,138
179,133
183,84
155,156
156,143
196,83
196,59
183,61
167,53
164,67
182,92
154,83
153,153
197,134
152,80
147,121
197,77
156,159
150,157
194,83
165,95
155,63
172,102
150,76
170,154
166,55
141,85
166,96
178,105
196,147
144,68
180,145
181,131
150,124
144,111
171,128
193,97
161,127
196,125
143,128
163,93
180,138
148,62
155,160
180,113
140,82
197,75
158,83
172,107
166,157
176,130
146,132
180,133
160,74
162,83
179,125
186,101
197,120
140,142
146,80
177,126
176,72
172,138
189,133
142,143
188,98
146,157
194,149
165,153
166,74
171,122
184,149
145,57
173,122
148,94
142,156
189,144
175,136
170,152
181,126
146,109
184,116
151,62
174,106
170,60
143,96
178,158
193,148
149,150
195,115
178,140
178,66
186,102
165,120
172,62
147,102
165,95
190,113
165,79
192,103
197,109
170,50
191,112
159,110
150,90
191,107
153,143
181,140
174,103
159,140
183,85
193,74
141,95
187,86
141,127
152,75
141,142
148,129
198,143
152,99
162,126
148,146
172,97
188,150
162,66
173,157
184,134
150,65
162,151
197,141
153,150
142,61
183,152
156,82
144,107
180,70
146,124
174,95
164,66
181,121
183,96
187,62
198,124
168,84
161,145
141,107
180,123
170,133
175,115
179,70
186,73
143,139
189,89
152,61
154,82
193,148
182,74
189,98
150,52
144,91
151,69
156,143
167,94
189,116
194,98
164,121
192,68
171,62
141,100
168,74
146,52
171,120
166,160
193,77
195,128
199,155
180,142
144,143
188,89
159,63
195,57
165,124
163,137
165,152
152,124
151,137
169,125
192,106
165,78
160,115
167,121
168,107
191,58
168,98
175,99
151,97
184,126
199,131
187,128
150,101
174,61
157,55
184,114
142,101
145,86
140,159
180,72
165,145
171,157
196,152
189,86
177,90
189,123
168,139
191,97
158,71
166,89
176,91
162,137
156,59
174,133
168,63
156,126
198,109
160,119
182,101
173,141
172,92
165,60
191,74
155,93
190,160
173,116
184,134
152,131
192,114
198,93
157,75
192,59
171,69
144,112
169,83
170,121
151,59
149,106
195,111
176,69
145,68
140,82
163,79
172,83
192,87
168,68
153,57
170,51
140,141
176,71
153,96
162,73
173,126
170,151
186,153
176,89
162,129
197,93
181,108
195,72
157,135
160,123
164,88
174,58
149,102
162,157
159,53
195,79
190,65
156,123
197,141
194,124
157,69
150,99
149,115
151,145
183,85
176,127
143,111
188,124
184,108
147,55
150,86
182,150
153,88
190,112
188,138
186,104
187,146
157,147
154,115
167,71
155,109
196,96
198,88
166,100
185,100
180,126
188,70
167,54
176,113
152,60
141,111
188,154
161,62
165,83
143,60
198,130
190,90
145,136
152,136
149,66
180,133
188,86
165,64
161,61
181,52
160,88
160,84
159,106
173,80
193,118
199,141
147,133
186,94
140,103
152,102
180,50
149,114
172,142
195,118
158,137
182,56
166,74
178,66
184,104
154,52
155,82
159,124
167,56
179,101
164,79
175,119
169,53
145,158
172,157
148,141
179,130
183,132
154,82
161,109
141,158
155,50
154,145
166,136
160,149
165,63
169,81
180,116
144,91
199,146
160,119
192,114
147,125
178,71
199,106
182,85
194,136
177,84
176,119
149,130
190,98
147,50
195,105
165,143
147,56
186,103
178,86
169,99
176,53
192,79
186,51
149,72
181,63
154,144
142,157
153,111
173,132
165,84
145,132
192,159
153,152
169,148
180,84
141,139
161,142
163,91
195,154
179,82
172,147
192,145
172,66
159,65
170,71
140,93
164,137
189,90
163,80
199,96
150,119
145,70
158,152
196,132
160,126
193,92
169,117
149,115
181,53
166,107
163,119
197,140
166,97
191,110
147,152
141,94
168,58
176,50
155,65
141,86
163,57
140,135
167,157
155,65
193,86
193,84
145,154
143,134
148,93
188,119
182,104
183,105
158,158
173,123
181,85
188,116
174,63
158,132
191,155
192,64
152,150
147,118
168,109
140,142
198,150
196,150
147,157
145,115
152,56
192,65
160,136
192,85
185,77
183,114
157,58
169,115
165,81
195,158
152,153
185,61
166,70
159,107
169,65
161,129
190,147
177,74
178,141
198,52
164,64
182,83
190,72
155,52
162,103
173,135
194,139
197,83
194,141
155,102
179,102
150,87
146,137
158,87
187,148
198,128
189,54
181,83
140,52
187,89
145,67
189,143
148,58
184,69
190,99
166,107
155,92
196,140
192,76
142,127
181,76
198,68
172,84
147,153
188,50
191,127
172,132
184,152
165,87
156,106
182,143
180,130
172,85
158,124
164,54
166,132
187,69
188,138
181,142
141,147
141,84
195,141
160,88
172,142
142,148
161,64
149,71
183,118
197,153
166,140
180,112
179,72
198,102
193,108
195,86
159,61
141,129
179,79
178,134
179,133
179,122
162,119
172,158
199,112
144,71
144,79
171,146
180,78
155,70
177,80
170,84
159,83
175,67
175,103
167,61
148,131
167,60
148,99
162,70
154,90
193,100
175,120
182,138
160,101
160,143
157,83
156,124
186,149
182,88
168,53
184,140
199,73
196,137
190,129
160,52
167,126
152,146
184,128
199,85
185,120
155,84
181,158
158,146
160,106
166,62
142,155
154,132
163,110
140,87
193,106
154,87
192,70
180,97
178,85
172,136
159,55
180,68
162,81
152,69
155,90
178,111
197,62
168,61
193,105
153,83
189,135
171,112
150,145
143,115
154,64
149,139
184,153
195,69
171,140
165,60
148,131
163,152
149,80
190,149
191,118
169,75
165,98
150,59
194,68
150,109
198,78
174,152
182,159
140,133
165,111
164,150
161,71
144,153
169,149
164,60
165,146
169,158
185,131
150,94
141,143
165,140
148,77
190,133
154,150
158,157
177,81
153,103
158,102
183,137
167,108
141,92
190,72
153,124
156,82
148,89
180,77
157,67
187,127
170,78
190,75
140,66
153,115
189,57
149,135
193,84
152,76
176,52
141,68
142,80
195,63
148,63
186,150
153,61
170,124
184,139
148,105
152,124
140,104
177,123
193,119
174,108
173,126
191,151
187,144
190,138
178,117
163,72
157,57
186,112
182,104
191,124
185,75
144,107
145,153
193,155
171,101
180,82
181,154
198,91
145,53
182,140
191,125
171,66
191,65
168,147
180,139
144,101
181,119
184,84
176,122
142,119
161,128
156,50
154,111
140,109
187,109
161,113
191,77
171,94
165,143
160,132
141,141
198,90
149,144
171,117
156,108
149,58
167,68
187,138
197,79
190,120
175,98
182,126
194,118
181,104
149,139
191,115
176,156
164,150
176,74
165,155
193,86
188,159
182,139
146,142
166,78
151,159
148,98
146,122
193,140
144,125
175,118
162,114
181,120
143,157
182,64
142,93
146,62
186,56
183,156
184,89
162,114
176,104
199,126
170,140
173,68
146,140
185,132
157,74
196,119
168,75
163,63
176,62
195,83
143,141
156,128
150,61
154,145
189,140
142,150
142,78
188,61
169,148
163,130
161,137
177,82
183,63
149,155
172,106
151,102
158,73
174,66
176,87
174,87
184,123
176,137
145,56
188,131
156,129
193,86
142,59
154,60
168,96
199,93
195,93
158,50
141,142
174,140
196,147
181,51
182,64
191,110
162,114
197,152
156,144
171,106
161,113
195,64
174,145
174,157
179,51
186,151
171,160
142,121
166,152
146,145
162,70
184,50
168,66
154,60
156,80
159,57
180,79
157,117
187,98
192,111
173,131
140,100
172,114
161,107
188,151
154,113
156,129
179,74
184,117
156,65
153,123
192,148
168,150
189,88
151,153
167,150
147,75
173,157
181,93
176,84
157,89
161,76
154,84
175,158
154,69
146,71
187,121
149,89
159,128
180,137
187,108
198,108
149,73
197,72
188,160
143,160
171,137
199,61
182,121
176,123
174,73
145,97
173,109
197,71
142,103
142,103
148,148
172,74
184,84
160,94
176,82
191,59
169,68
171,68
166,120
177,159
183,132
163,117
143,108
149,149
144,92
183,160
187,140
195,150
188,125
172,133
188,96
170,63
176,155
180,64
192,128
163,157
175,100
155,157
168,131
176,103
195,77
141,89
194,120
190,133
145,74
150,126
175,128
195,135
162,133
146,95
173,135
148,131
184,154
148,158
150,70
149,77
144,115
141,159
180,143
194,131
196,160
191,136
144,58
180,81
174,73
181,96
145,68
180,122
172,74
187,51
153,156
180,118
197,54
140,83
174,143
184,101
184,85
168,125
194,142
189,156
159,157
155,100
154,123
155,110
165,53
167,68
181,65
187,84
182,144
186,129
159,137
164,92
165,108
157,101
158,116
155,133
170,127
180,80
185,86
181,145
185,61
199,148
166,112
185,81
156,142
189,73
194,107
150,114
157,139
167,54
192,122
168,110
148,76
163,72
182,104
177,127
183,117
153,57
196,136
194,69
158,88
180,66
171,133
184,124
177,144
163,121
172,120
165,157
196,99
173,106
165,91
140,144
153,146
154,159
140,92
175,122
164,51
158,130
157,152
192,134
168,90
166,137
183,130
173,160
140,109
146,79
142,84
155,87
150,58
175,146
157,95
142,97
192,54
154,71
160,156
198,65
187,61
197,74
144,115
156,156
150,98
163,160
177,109
146,116
190,102
199,148
180,66
159,154
187,70
197,63
142,108
196,99
167,144
156,152
163,126
161,74
176,62
141,61
166,149
161,103
159,88
160,61
182,116
178,136
191,79
146,150
153,58
140,62
165,93
196,96
152,80
196,51
156,79
175,144
189,107
196,143
166,54
174,144
167,92
193,53
165,54
167,107
197,148
177,73
183,125
157,64
191,117
157,50
159,108
171,108
191,128
193,125
165,140
146,152
143,86
198,104
168,87
158,153
164,58
153,55
157,119
163,101
161,55
193,155
169,93
185,52
176,56
199,76
184,99
181,132
155,88
149,105
198,64
143,128
161,129
171,90
144,118
143,152
144,62
191,61
195,79
161,129
197,150
146,86
182,86
164,98
151,137
148,150
151,128
143,110
188,130
142,100
181,73
171,144
164,55
188,94
181,101
155,152
145,106
142,135
168,62
150,71
157,92
153,99
149,92
186,86
196,119
182,155
178,80
155,91
187,127
150,77
176,121
174,79
185,69
185,131
162,141
151,111
151,82
195,83
174,136
181,58
166,158
159,136
140,73
195,60
167,111
189,94
159,55
142,83
148,148
157,114
148,101
152,119
148,132
177,134
187,130
157,148
154,116
162,121
144,65
188,103
159,83
141,90
191,112
165,51
171,64
154,117
178,51
186,65
191,98
151,124
184,142
172,83
189,132
187,115
192,123
165,130
191,152
198,108
170,90
195,73
154,102
182,112
197,152
162,157
176,114
190,151
186,71
184,60
183,98
182,93
181,158
180,141
175,99
146,123
180,99
141,87
180,78
140,56
171,121
144,127
166,72
172,159
173,143
167,80
197,146
155,159
167,97
148,159
166,111
150,66
168,85
147,144
154,114
160,112
181,93
175,136
151,68
196,104
179,141
163,120
145,107
197,155
184,136
146,72
151,115
194,81
151,92
182,106
158,97
147,153
175,108
176,139
193,136
175,151
186,89
153,90
194,52
167,89
174,114
193,139
152,149
156,113
182,60
186,78
170,107
152,120
184,111
180,93
190,74
146,138
171,129
184,66
161,149
157,73
192,51
197,104
147,127
169,117
146,90
186,123
185,117
145,83
184,119
154,90
141,95
186,62
172,106
196,102
181,70
174,87
165,120
188,60
167,158
176,119
173,144
142,57
168,57
143,51
163,134
149,140
147,64
185,148
182,119
141,91
150,132
174,67
163,75
152,133
183,116
149,143
188,52
160,53
178,69
155,60
147,55
173,150
149,145
155,122
145,67
141,103
166,159
178,152
178,144
158,160
181,142
178,130
174,116
153,99
161,118
163,109
143,79
156,145
147,107
173,119
168,133
155,59
185,142
172,65
161,74
174,99
159,64
149,104
175,138
140,77
176,110
155,139
165,93
186,72
164,54
189,100
198,108
150,148
149,138
155,157
185,79
155,131
197,107
179,160
160,66
182,91
193,112
154,156
172,61
154,109
140,70
162,130
187,103
162,140
193,97
188,96
174,77
171,77
169,101
165,80
142,132
193,59
148,105
140,79
166,60
162,82
181,51
179,92
199,53
193,128
155,95
175,92
161,78
142,96
190,121
182,121
188,59
194,111
192,148
182,144
148,77
170,108
157,102
175,77
157,88
190,108
187,61
181,62
171,51
159,148
172,62
153,70
149,99
157,75
199,97
153,80
190,116
182,120
162,92
190,132
171,100
172,144
162,137
164,103
140,140
176,153
196,77
151,110
169,137
150,109
177,70
157,66
158,76
181,113
196,106
150,88
199,154
145,56
195,116
142,155
178,137
158,57
162,157
144,98
157,62
184,142
171,83
166,128
170,69
141,79
158,160
149,120
154,69
179,73
146,92
173,92
194,93
191,50
191,111
180,67
194,117
181,105
171,121
145,102
192,122
142,127
144,105
194,90
198,104
176,107
144,93
158,117
157,152
155,81
172,144
197,58
175,68
197,136
182,71
190,79
179,137
169,129
154,73
166,67
174,50
189,134
176,88
197,116
176,93
191,113
173,84
154,75
167,120
185,65
197,77
156,121
158,158
196,102
155,50
172,113
177,142
160,110
157,160
167,106
158,137
191,93
182,151
182,63
155,143
152,81
168,131
188,68
179,160
171,101
176,82
166,56
197,144
145,121
191,122
170,61
198,93
143,122
185,96
174,81
185,59
184,153
189,62
175,146
181,134
187,141
157,64
152,131
142,107
188,80
161,95
145,81
185,108
156,100
174,146
143,131
191,139
161,85
184,76
178,56
142,111
171,115
187,124
150,124
171,139
167,81
157,100
193,147
188,156
150,138
169,63
181,149
164,146
180,104
197,133
147,133
159,121
144,140
146,115
154,68
197,73
166,120
182,69
191,54
174,139
168,132
148,53
195,140
190,117
198,50
155,136
158,77
170,53
186,123
190,90
143,124
144,104
176,92
141,56
188,140
155,140
170,144
142,59
158,153
164,94
168,122
169,125
171,67
195,118
184,150
199,60
195,72
176,56
149,147
169,156
182,82
151,122
187,56
149,84
147,128
144,104
178,142
146,87
197,104
192,146
188,116
190,125
145,150
156,126
173,60
191,160
145,67
196,96
146,152
199,88
153,79
190,78
173,93
182,123
169,158
190,109
187,74
167,157
146,150
140,107
174,73
169,60
178,157
173,71
195,149
167,140
178,122
193,50
193,120
154,56
183,105
186,155
155,77
144,150
151,150
194,70
153,111
159,157
153,84
157,127
168,101
172,56
147,119
195,136
175,142
185,125
163,94
159,75
151,125
199,147
149,89
145,86
199,153
180,75
147,145
185,79
144,142
192,84
169,64
195,72
146,150
172,156
190,61
181,64
154,57
179,144
141,53
166,116
196,125
199,120
172,148
170,141
197,88
157,144
156,69
192,129
182,147
142,69
149,63
191,55
179,105
170,129
186,136
161,134
187,86
150,79
198,129
152,157
141,154
165,59
181,157
153,87
163,113
183,127
141,61
153,80
165,138
168,86
141,95
168,73
173,117
171,63
171,156
168,90
166,134
184,82
176,89
171,153
188,98
174,103
150,118
198,145
147,85
157,83
188,62
175,92
182,59
196,138
194,101
150,126
184,134
169,159
159,71
168,125
180,124
142,139
151,79
186,104
181,132
150,98
199,144
159,152
153,158
159,80
146,89
153,73
196,94
159,102
141,76
181,81
188,99
197,114
189,128
199,84
166,118
160,99
177,102
189,136
152,87
144,95
181,150
184,61
140,141
189,50
184,76
146,93
191,104
141,56
192,125
176,94
186,89
194,72
182,153
166,145
164,78
145,116
193,62
152,152
198,55
188,72
164,115
153,92
163,54
146,115
162,134
189,102
187,92
182,114
192,89
159,66
154,150
176,140
198,113
165,125
175,82
182,69
195,86
175,121
199,74
191,123
143,140
178,65
145,127
155,157
158,87
192,111
169,79
189,52
163,88
144,74
199,152
172,148
163,82
166,106
194,51
183,114
164,87
189,56
195,87
184,89
179,103
189,81
199,78
147,93
191,97
155,128
179,140
194,87
162,101
146,72
183,155
153,58
169,115
189,122
150,147
163,144
169,63
187,71
170,157
193,73
189,156
175,82
165,63
173,70
175,63
170,86
167,65
148,148
173,74
177,120
182,151
171,80
196,147
178,70
183,91
157,139
178,139
145,58
188,110
175,102
152,157
177,99
159,121
181,105
174,87
162,99
183,146
169,63
151,75
178,104
174,87
180,110
148,134
197,103
154,150
147,54
165,152
193,158
195,121
182,132
184,90
181,99
167,80
152,73
193,89
186,109
191,124
149,87
158,132
161,69
195,158
153,143
149,84
160,74
151,109
194,93
163,73
156,104
162,54
193,147
163,90
186,103
146,72
168,54
181,72
145,83
181,132
153,95
199,125
140,119
142,132
145,156
191,66
174,69
175,154
164,118
172,135
191,155
169,144
167,101
156,52
152,104
159,57
154,115
145,71
174,83
189,110
170,90
196,139
192,57
171,160
142,124
155,60
174,67
182,69
195,59
155,157
165,102
167,80
175,117
160,139
150,137
169,74
195,150
194,70
148,122
199,82
177,75
147,153
194,90
157,81
174,132
165,87
162,50
187,102
171,143
169,98
141,86
146,144
172,113
166,66
199,100
166,108
149,89
163,157
172,112
160,87
191,93
197,90
165,151
192,148
182,78
148,59
191,62
191,150
146,53
156,90
199,147
175,107
145,136
187,136
159,54
155,137
147,109
146,57
158,50
168,80
196,119
150,71
144,91
196,83
160,59
169,149
189,69
141,132
145,83
144,89
163,155
149,152
148,147
148,139
197,113
175,100
165,68
160,118
193,59
190,99
187,66
175,119
195,118
159,143
188,153
174,127
149,108
168,158
188,70
177,117
195,136
152,87
152,124
175,83
171,137
182,96
182,100
148,91
180,56
191,101
147,157
141,128
196,62
167,68
155,153
175,92
145,58
196,56
173,112
149,129
161,78
170,81
190,76
172,61
182,141
182,97
146,92
198,103
188,68
197,79
158,56
164,134
156,148
197,80
152,78
154,121
147,75
186,107
185,142
152,97
157,123
154,158
185,80
145,86
147,97
149,81
178,147
186,111
184,59
148,134
154,86
155,156
153,105
193,160
150,56
195,144
149,154
162,123
193,139
186,67
154,61
146,79
185,124
186,102
148,131
141,125
158,77
163,138
155,158
188,76
156,66
141,158
141,80
179,66
156,77
197,115
195,75
155,105
150,151
183,117
142,94
176,105
192,119
162,67
176,115
192,154
148,160
154,50
192,122
173,87
153,106
167,124
172,65
165,154
188,137
143,89
172,118
166,99
165,132
168,115
147,151
142,76
183,151
168,68
163,80
151,72
161,151
189,61
175,135
146,51
167,73
178,151
195,148
181,156
192,126
184,160
195,51
181,144
195,127
170,80
196,73
167,61
180,79
195,56
159,156
175,159
169,126
180,51
146,151
185,135
156,138
167,118
149,90
178,120
186,132
140,122
170,107
172,95
198,135
184,67
175,70
181,72
161,148
183,90
147,121
180,55
175,132
163,96
145,51
146,149
172,97
172,52
185,78
173,103
179,76
198,107
156,95
158,96
193,118
197,129
156,96
189,103
165,143
181,52
167,129
180,117
151,111
182,58
153,124
182,84
163,128
168,80
199,58
164,76
173,110
155,156
142,118
158,64
161,94
182,137
184,85
155,125
174,51
176,85
150,83
166,65
168,123
185,107
140,128
168,100
168,103
141,110
161,146
185,87
189,104
171,93
140,99
169,125
160,94
155,160
144,81
182,113
158,145
177,122
162,81
189,82
159,95
198,113
151,122
197,157
197,143
170,110
151,78
181,111
170,74
157,145
176,88
167,62
176,68
196,143
142,156
156,103
142,152
152,141
198,99
199,134
194,72
174,121
158,103
182,67
170,82
174,65
160,51
146,109
180,138
142,145
183,135
179,140
185,54
177,109
181,74
169,50
177,111
165,51
144,112
155,77
149,56
181,92
198,126
147,100
199,95
152,78
156,127
170,115
173,100
185,67
155,57
184,126
172,125
194,124
172,121
196,63
162,78
149,97
164,156
161,134
182,70
158,128
191,138
174,150
194,62
145,142
157,115
167,82
172,121
183,131
175,154
197,139
196,151
182,76
153,108
190,152
178,138
174,70
140,94
182,61
159,52
146,120
180,132
149,72
181,129
140,73
163,117
142,159
152,103
188,79
197,101
181,120
160,157
180,72
183,81
197,107
174,69
174,132
197,113
174,97
190,129
167,156
194,153
190,151
172,158
193,66
141,60
164,62
144,130
194,113
157,53
158,67
177,122
151,105
192,91
165,96
177,134
143,153
168,94
159,89
140,143
181,154
147,67
168,77
193,56
182,91
166,60
199,131
177,112
176,112
161,116
185,98
189,55
164,134
161,104
181,132
191,84
148,104
143,73
195,85
176,70
193,58
192,118
141,60
199,74
193,52
172,140
181,91
154,126
184,126
174,64
186,110
154,77
162,57
182,69
165,54
149,104
192,117
161,135
164,65
187,75
170,76
141,115
167,123
199,109
160,111
196,54
154,148
192,118
171,52
151,132
155,159
149,117
181,103
189,138
154,129
158,87
154,88
198,129
166,111
195,121
178,82
141,64
160,139
161,151
199,72
153,128
147,108
150,150
163,140
181,107
145,91
153,72
174,61
198,155
160,151
160,52
179,53
194,54
163,136
196,56
187,132
197,54
142,92
184,64
164,81
191,116
147,94
160,72
143,120
197,144
163,103
183,101
186,54
189,100
153,65
191,70
169,61
169,80
157,156
151,110
146,112
178,110
141,136
182,55
162,67
164,119
199,157
192,92
162,74
171,130
193,109
186,79
191,55
196,138
180,157
173,65
172,61
176,105
152,70
199,140
144,53
166,80
151,95
158,140
155,105
152,59
162,109
143,157
199,77
182,144
181,108
186,85
179,91
166,142
196,155
185,121
192,116
188,144
150,109
168,110
182,136
173,158
162,91
176,83
186,155
192,121
189,140
141,151
185,158
153,75
179,103
158,103
149,98
188,105
151,116
145,114
159,122
179,64
178,124
192,106
172,52
160,88
143,137
176,119
144,143
173,118
144,127
154,148
185,104
155,57
162,62
163,126
181,132
171,157
172,50
154,112
147,122
141,108
160,143
195,119
188,138
140,117
174,99
165,112
169,82
141,81
144,124
163,86
155,78
198,76
189,130
167,110
154,51
167,73
198,155
155,93
176,80
149,124
152,76
149,113
188,144
172,152
166,92
168,74
157,119
148,131
147,126
189,147
178,98
186,121
149,64
172,72
176,139
193,134
175,119
183,80
170,55
154,147
160,154
197,151
184,58
171,76
172,152
195,62
150,122
184,151
183,156
167,109
166,124
197,126
144,96
149,104
144,73
191,91
151,156
199,129
188,159
163,100
191,124
195,152
197,158
157,78
154,80
153,154
177,116
195,95
159,71
185,76
181,109
157,131
158,72
160,115
142,82
166,154
147,98
159,139
188,156
178,81
192,113
178,116
152,108
182,63
162,56
164,88
185,139
187,83
149,158
188,143
183,114
176,99
176,56
166,95
194,100
174,137
182,90
165,138
158,112
198,83
197,124
189,72
189,78
173,64
191,110
197,72
187,137
194,53
183,139
144,131
197,159
196,52
180,139
154,114
192,119
180,147
148,73
197,146
170,113
190,110
188,156
173,66
196,118
192,126
175,52
183,108
143,128
191,85
173,102
194,79
160,94
186,75
146,76
179,141
198,123
179,127
170,112
187,100
190,66
161,147
142,139
187,93
177,113
183,99
196,101
184,152
169,90
180,159
156,135
173,56
153,144
175,95
153,100
155,113
188,101
161,155
141,66
153,153
197,94
197,156
173,66
155,105
143,151
144,130
179,121
156,102
159,84
165,110
163,102
150,159
199,137
152,109
191,151
145,128
195,81
168,150
180,93
197,153
172,56
164,104
194,143
188,142
190,54
179,71
167,119
159,106
166,81
170,127
140,56
194,57
198,99
165,122
168,81
179,153
172,74
148,100
165,73
172,93
169,76
140,92
151,96
191,121
184,115
141,67
176,97
186,53
197,100
185,121
140,82
145,100
190,136
140,61
170,137
144,142
165,50
158,80
179,160
173,133
162,129
181,139
181,160
168,52
151,109
185,146
197,95
154,86
160,128
173,86
192,73
153,130
175,98
169,102
177,106
178,55
174,95
193,136
191,129
153,142
159,117
150,125
170,133
155,64
180,157
163,106
168,51
179,75
185,81
186,145
198,150
196,109
184,120
172,91
189,88
158,86
151,101
141,142
179,79
191,124
151,96
179,153
140,76
170,63
179,127
170,145
180,143
171,123
143,96
155,99
174,148
153,144
176,98
196,146
195,148
179,79
144,68
191,159
189,52
172,53
190,149
177,78
168,59
197,91
178,143
167,146
190,67
169,155
186,104
154,114
199,90
143,132
144,83
163,101
151,130
182,153
179,78
150,92
155,124
192,111
172,66
177,62
149,51
160,71
198,74
192,105
160,85
191,69
171,143
175,117
140,87
184,128
185,80
183,62
184,102
191,82
174,59
180,103
165,88
161,110
167,56
193,84
155,93
166,71
143,67
177,114
180,70
190,55
191,52
157,137
177,150
143,61
146,70
145,82
170,92
174,69
197,144
170,67
181,69
159,58
164,131
191,120
175,151
170,159
151,112
191,116
150,96
185,71
175,103
187,84
185,77
168,153
190,155
173,148
141,107
153,84
188,115
158,71
152,101
192,104
168,63
180,52
192,74
190,95
162,69
174,109
146,133
196,142
142,101
194,75
153,138
169,151
180,105
176,94
153,62
199,103
150,135
176,84
167,77
181,62
194,119
159,65
199,121
188,76
179,113
170,140
179,144
172,131
163,109
152,91
148,117
187,99
176,106
162,92
185,89
161,93
187,57
151,145
156,69
184,70
156,63
171,151
195,69
167,73
160,120
191,118
172,86
144,126
196,64
170,71
191,138
168,96
166,63
186,125
166,146
186,83
193,93
196,54
189,55
172,153
151,117
150,98
188,88
175,63
189,124
180,154
195,108
158,51
152,137
183,117
193,59
176,85
194,50
146,134
151,135
197,60
190,74
165,130
159,55
197,117
194,138
186,90
156,69
147,147
157,142
141,120
190,104
159,75
184,107
146,83
177,74
191,159
187,70
199,106
165,79
160,116
147,103
152,102
164,148
150,57
182,117
176,103
159,71
158,103
165,127
141,113
164,93
183,94
192,157
148,139
146,111
180,140
174,52
148,70
145,128
146,110
189,128
143,143
157,70
199,127
148,159
175,79
188,56
143,58
149,73
171,104
182,99
174,156
161,87
173,69
146,126
143,104
172,152
148,159
166,68
162,128
154,64
175,57
173,160
177,146
166,55
158,157
196,51
197,83
176,98
151,59
148,66
177,99
141,87
140,66
141,157
173,159
183,60
175,116
158,92
158,81
166,147
192,148
185,50
152,159
199,93
191,50
192,69
178,51
141,72
189,93
171,134
178,123
146,143
177,90
169,129
180,67
148,98
149,54
150,75
147,59
186,74
185,156
177,65
165,79
171,110
166,127
159,131
144,79
178,90
183,87
194,124
149,126
146,54
197,129
177,82
152,86
155,102
149,109
148,72
193,68
172,147
185,82
163,82
192,96
153,115
188,149
165,106
188,102
195,126
172,83
175,72
146,128
190,145
179,123
161,119
191,96
174,152
182,132
190,105
143,135
162,74
157,80
142,52
197,103
144,155
157,151
187,123
143,71
140,56
157,121
183,103
156,150
164,106
146,133
178,98
174,116
180,100
142,130
161,68
154,50
154,94
191,143
184,104
156,75
169,146
193,133
158,131
184,97
194,86
178,113
184,57
140,131
149,153
140,141
195,142
170,132
148,160
163,67
193,66
161,149
193,51
196,114
166,76
172,137
145,147
150,76
171,122
146,105
188,139
152,158
178,130
195,76
164,99
165,127
193,124
172,51
156,67
149,99
199,65
144,149
173,85
141,113
172,65
153,53
191,116
193,107
157,157
190,158
191,123
179,59
195,73
190,53
147,68
195,85
180,91
166,145
190,112
178,83
140,69
168,84
187,132
173,57
180,100
162,92
167,50
177,89
151,139
159,123
140,59
165,154
183,126
144,123
143,137
158,126
151,141
190,69
184,160
177,68
147,139
166,50
190,131
173,73
172,118
154,123
157,61
183,115
148,103
147,152
147,99
147,90
142,56
178,150
164,122
149,85
165,135
175,118
199,96
154,95
163,140
167,67
161,128
187,146
161,71
186,115
156,153
168,56
158,123
162,128
148,57
173,143
173,52
170,58
148,110
170,133
152,153
146,61
194,86
143,114
158,160
158,75
164,52
153,96
151,99
151,118
199,121
167,71
160,50
174,120
182,120
180,160
148,76
162,69
147,150
147,128
194,85
166,107
148,111
176,146
141,142
173,88
152,105
169,130
168,53
195,63
182,158
197,105
194,81
180,152
140,136
156,82
197,125
145,92
170,85
190,132
143,154
198,51
147,146
160,138
197,128
189,112
188,60
147,54
146,150
181,149
194,115
161,140
193,76
173,72
185,153
185,65
179,91
165,55
140,160
184,134
169,125
140,60
171,151
185,157
187,132
141,130
169,125
173,79
169,87
144,135
166,128
140,60
165,115
170,51
190,137
182,138
146,82
181,159
159,92
178,102
149,114
143,157
151,120
197,106
189,69
190,63
166,116
153,58
161,64
184,87
179,152
158,70
153,52
164,67
196,110
173,122
176,152
168,93
197,75
197,103
168,80
166,149
162,138
184,132
168,85
186,130
199,101
144,125
153,159
172,85
165,103
171,92
177,81
142,73
143,118
196,159
143,148
140,85
154,76
183,149
171,140
188,88
194,61
176,106
198,102
193,52
196,125
191,111
187,97
181,76
169,126
157,149
161,85
163,120
145,52
144,87
154,72
159,107
179,131
192,110
140,110
182,137
161,127
173,93
145,88
146,113
195,96
174,113
144,94
155,134
157,158
148,73
180,100
171,51
185,143
156,140
179,79
163,107
179,73
191,94
155,51
143,93
153,145
192,160
149,127
194,137
178,130
172,112
154,159
196,127
151,97
145,147
162,71
145,127
175,79
152,50
176,157
174,151
162,105
168,71
153,51
170,95
183,95
183,112
168,75
142,55
141,140
178,155
158,146
156,54
174,122
166,60
164,86
160,102
151,50
179,88
176,67
197,82
168,97
190,92
154,130
144,100
143,51
147,159
184,97
155,58
157,91
146,115
181,153
146,83
157,89
164,138
198,53
174,101
140,90
171,95
187,91
154,151
156,126
155,59
140,158
192,50
191,140
157,74
183,92
147,120
160,153
166,115
170,129
172,66
160,78
176,114
164,136
165,117
156,64
141,77
167,124
149,140
151,125
142,58
162,134
174,51
197,82
145,122
144,68
177,63
159,123
144,125
157,124
165,60
187,131
145,115
163,139
171,55
159,132
183,104
147,50
191,103
197,84
146,144
149,97
164,58
188,79
188,108
195,127
164,155
191,123
196,111
183,127
184,139
183,67
149,77
189,85
163,93
164,123
191,81
168,93
142,112
150,69
175,86
144,96
142,89
163,146
199,99
192,139
165,95
156,140
192,74
149,71
149,59
179,100
160,98
153,156
151,151
157,131
168,77
144,55
187,128
174,81
183,124
199,68
161,91
193,126
166,110
157,83
178,107
176,62
176,131
163,61
169,114
152,75
167,140
158,52
146,150
171,152
160,148
153,83
151,99
160,90
153,113
161,59
155,85
163,76
172,134
161,52
198,102
175,100
145,92
144,59
179,76
155,86
171,107
196,117
192,142
156,136
187,63
194,91
143,60
199,139
142,150
187,70
146,122
172,54
193,93
170,50
142,52
193,142
198,95
173,56
194,127
148,57
185,146
187,87
147,133
146,146
146,121
188,69
164,52
197,66
154,139
152,61
188,59
185,80
180,121
156,94
142,92
198,110
167,62
171,77
192,67
148,104
159,127
187,63
189,107
152,131
189,114
170,108
170,140
155,74
180,78
140,134
151,100
171,137
165,156
167,126
159,147
158,104
175,52
186,148
154,55
149,125
176,71
160,140
156,127
174,95
190,94
187,71
188,148
158,116
182,93
168,88
175,133
160,111
197,136
179,83
151,134
158,90
178,82
170,73
159,122
159,117
149,80
157,68
174,98
161,141
196,158
149,150
141,130
183,71
146,144
145,83
155,160
197,106
181,136
196,146
142,143
151,87
151,117
192,96
175,53
140,86
151,59
158,103
148,148
188,94
166,153
171,116
190,156
178,63
194,64
155,62
187,63
188,124
170,101
149,137
165,150
193,143
142,127
144,138
184,160
181,57
189,82
182,150
185,75
156,123
193,88
191,70
154,129
141,107
170,76
142,89
187,134
142,159
144,117
178,130
145,148
168,93
179,71
155,116
154,51
176,159
174,156
149,144
195,117
150,110
171,99
191,131
168,127
195,69
189,149
178,105
167,51
143,58
141,109
175,69
148,50
198,74
174,124
188,119
197,153
197,77
188,117
154,124
186,71
182,59
166,82
186,65
195,57
195,138
185,63
160,77
183,95
170,148
166,90
144,139
185,101
185,146
187,67
164,137
187,134
181,67
179,85
147,134
194,147
165,138
166,55
183,94
169,138
141,85
146,112
180,55
156,149
179,147
173,113
199,142
151,75
145,92
186,119
154,129
198,50
181,153
144,112
179,66
192,127
169,73
170,112
163,122
160,151
148,77
147,153
182,77
149,62
147,129
172,84
155,126
197,94
185,117
193,147
194,110
158,154
166,156
155,129
187,144
147,84
171,126
188,90
191,83
141,84
174,97
190,59
157,56
194,130
187,70
187,86
192,108
175,80
192,83
157,133
168,94
143,81
145,127
183,116
177,104
177,84
188,138
189,91
198,133
144,120
186,98
171,96
179,136
140,142
170,150
165,95
155,117
195,55
154,60
164,139
189,138
140,160
186,86
155,81
171,135
156,79
142,93
170,70
182,87
148,150
166,124
146,100
193,67
187,77
189,148
173,100
179,122
175,134
142,154
160,73
155,154
196,134
185,95
185,134
199,52
194,100
195,60
153,99
186,85
197,119
188,88
160,141
152,51
180,105
188,151
181,81
140,68
164,129
195,51
144,109
148,128
192,92
161,111
159,131
197,101
174,71
145,155
175,146
162,63
144,122
186,85
176,122
181,144
189,103
188,120
147,136
151,76
191,86
165,85
185,132
199,130
142,131
192,145
151,95
140,69
164,69
150,85
178,53
187,124
167,80
199,65
143,94
188,156
153,146
183,61
151,138
181,127
155,73
146,110
148,123
185,51
150,58
155,151
151,144
193,78
154,148
183,143
147,109
191,100
199,131
141,125
186,50
151,66
152,157
188,111
177,94
174,95
172,98
182,125
197,59
167,82
188,110
145,75
167,150
189,135
143,69
165,55
188,91
146,90
166,58
159,86
167,154
173,64
140,83
197,158
186,68
151,66
164,112
147,97
178,106
147,111
170,103
184,148
150,56
162,127
177,126
192,139
168,134
191,96
189,53
173,98
159,76
198,139
152,83
190,149
147,59
148,52
169,67
160,148
163,96
151,100
156,74
149,56
176,151
182,116
181,159
165,126
186,102
186,89
195,98
163,66
182,106
161,156
150,154
140,134
184,94
176,54
165,56
175,146
181,92
144,53
155,75
144,99
156,139
154,51
184,98
163,139
182,83
151,101
166,82
153,122
183,54
176,90
188,73
173,84
186,141
179,159
195,57
185,60
153,77
157,102
171,81
147,118
140,77
187,142
146,94
151,119
164,116
156,88
155,103
147,138
158,156
165,88
178,72
196,130
140,125
156,133
165,103
185,93
140,103
196,82
182,62
170,155
181,125
194,142
161,67
178,56
144,129
145,117
174,129
167,100
185,77
162,102
147,103
190,147
171,111
183,134
161,127
146,138
162,110
156,52
151,64
196,84
158,122
194,60
151,140
165,60
169,130
185,67
179,154
180,148
157,141
182,51
170,59
179,134
145,83
172,60
142,57
189,135
183,128
164,99
191,88
144,145
175,78
158,65
182,122
171,143
159,115
156,104
197,73
190,89
172,103
176,95
195,118
169,99
168,160
178,136
148,52
163,135
160,146
181,94
198,62
199,153
141,142
185,98
149,114
151,69
170,72
159,56
184,148
197,145
189,150
199,148
194,75
167,88
197,106
166,141
166,59
196,102
180,139
167,93
147,92
189,115
169,128
198,139
155,115
196,92
180,80
195,159
154,159
153,83
172,68
145,142
153,85
176,135
195,137
167,76
172,120
186,132
181,94
160,50
160,108
142,55
172,95
168,136
158,53
172,117
156,109
156,124
193,76
167,100
144,141
191,71
153,155
172,84
150,152
158,85
141,78
188,54
174,133
147,95
142,91
190,149
179,56
171,107
190,153
149,109
192,125
191,61
193,139
186,62
165,139
140,103
165,59
177,154
163,85
177,122
158,150
176,53
168,109
171,92
150,87
187,74
147,81
182,83
147,76
155,90
178,147
196,122
162,81
151,125
143,90
145,159
159,56
157,64
161,149
170,62
157,128
192,82
149,154
159,87
193,108
189,87
179,55
193,80
157,89
185,77
195,159
180,72
194,109
196,159
190,108
198,144
155,76
194,51
140,143
176,66
160,82
146,116
178,112
187,65
196,71
190,136
195,126
184,56
160,99
189,144
165,127
159,84
142,97
165,53
156,111
153,109
145,154
182,87
168,85
195,66
186,51
157,99
178,117
140,56
188,86
147,155
176,104
149,149
158,93
186,86
168,145
189,62
180,90
183,105
166,140
160,94
166,69
179,76
162,150
157,79
144,64
145,122
176,138
140,110
145,80
156,125
157,149
180,116
151,160
180,62
140,139
174,147
195,135
168,69
156,151
178,68
168,56
145,103
177,118
161,84
195,74
141,88
184,141
148,153
150,120
191,142
187,153
175,127
169,153
156,143
177,153
177,151
173,65
173,131
165,82
173,153
199,88
193,57
181,52
159,102
192,107
169,136
176,81
163,137
190,146
190,59
182,83
163,151
198,142
183,100
156,155
178,76
189,77
158,58
169,138
145,71
184,113
156,71
160,153
199,137
188,160
150,107
178,144
162,155
190,141
192,126
166,77
191,101
198,131
157,129
196,146
183,66
180,117
188,95
142,147
149,71
156,133
159,133
151,110
167,135
141,58
143,150
154,98
145,69
145,67
160,71
190,58
143,71
193,128
193,109
193,133
197,147
165,144
145,51
141,90
190,137
191,101
158,148
164,156
142,85
176,105
192,86
141,69
155,132
190,159
186,82
167,58
167,94
155,58
187,129
170,100
161,93
142,70
193,87
156,155
186,141
175,131
150,116
150,69
173,131
159,90
149,106
185,129
167,100
186,147
196,57
180,123
194,117
166,158
145,60
155,111
158,75
143,97
165,73
184,70
178,98
170,59
159,77
196,74
176,128
149,86
193,63
163,120
147,134
154,124
163,62
171,76
165,81
149,102
151,135
189,140
167,147
174,59
162,122
179,81
190,139
162,122
158,151
158,69
199,127
194,157
196,127
192,59
178,154
171,66
151,112
161,90
162,117
140,84
169,69
196,137
142,155
158,80
157,139
144,130
164,116
158,66
177,67
156,87
176,78
146,108
159,77
150,125
141,59
143,65
179,103
195,78
172,60
196,95
162,145
191,73
188,75
174,97
165,143
171,102
146,73
183,158
194,116
177,72
169,117
188,55
174,133
152,95
159,94
163,118
184,89
146,104
183,86
156,77
152,105
155,95
185,103
163,160
178,60
193,126
175,107
164,66
162,99
196,148
158,98
172,115
179,77
162,110
192,101
169,81
143,118
155,115
177,90
197,136
160,124
154,62
170,114
189,125
168,75
167,106
184,84
152,84
159,114
156,84
146,137
142,69
195,97
189,120
179,148
158,139
199,140
144,97
193,83
188,60
145,141
145,128
184,100
169,110
147,74
183,63
149,84
163,76
148,109
162,69
181,50
172,55
183,64
181,56
150,109
184,66
153,124
167,101
192,115
172,66
163,129
167,119
183,136
145,141
140,157
150,68
194,90
199,69
180,83
182,146
196,80
187,59
187,142
187,85
170,74
195,137
142,81
146,151
148,107
183,70
151,115
175,151
143,148
161,132
183,68
181,107
170,111
180,130
156,75
173,119
197,129
196,131
199,58
142,120
185,95
188,121
161,76
150,140
178,125
149,151
141,151
186,110
180,140
189,92
164,124
146,109
179,134
164,57
178,60
192,128
184,148
188,152
170,83
182,152
141,72
147,149
158,153
158,90
163,112
172,66
184,133
199,54
153,120
175,64
153,52
184,72
164,85
155,89
152,59
179,92
182,118
195,158
159,100
151,59
189,115
199,134
170,144
153,69
169,98
171,101
157,148
189,129
172,115
196,159
198,119
168,95
170,86
161,131
155,55
153,80
172,56
198,117
184,157
188,122
164,132
150,139
172,60
199,75
171,86
141,114
181,130
198,64
161,57
185,106
145,128
189,55
156,110
188,106
180,122
176,140
154,86
192,64
195,130
196,103
190,135
182,112
145,81
165,120
150,72
149,152
146,54
199,75
144,151
160,61
198,53
167,153
184,86
150,55
172,73
179,101
142,107
153,124
183,86
184,61
194,156
184,94
162,58
159,74
173,122
172,106
145,79
167,84
162,119
160,54
197,86
176,94
174,129
193,141
189,88
192,50
142,51
170,69
158,104
178,139
174,66
163,112
159,55
198,90
194,139
185,149
199,79
153,144
188,68
197,98
198,109
142,116
187,140
143,74
176,124
164,51
195,128
178,70
148,79
150,72
167,143
170,143
180,66
152,106
184,54
199,76
165,57
165,88
192,145
153,79
197,120
168,74
196,148
157,114
181,123
183,130
190,160
183,54
158,122
195,84
198,158
155,58
144,142
175,87
145,121
167,111
141,91
158,114
186,140
173,52
146,91
192,90
198,73
198,53
193,53
187,64
184,104
160,106
169,79
172,56
188,96
153,121
140,156
147,69
158,121
198,58
155,152
148,120
150,135
154,77
178,51
175,142
190,152
165,152
156,78
169,132
172,84
169,61
186,66
175,128
146,68
183,153
192,100
187,59
182,160
160,78
161,57
181,123
144,109
157,150
160,121
161,106
158,55
185,95
168,78
154,81
144,105
181,62
192,126
178,53
156,153
179,95
182,54
171,72
141,147
199,136
148,112
185,136
165,80
162,102
173,69
166,89
181,62
158,108
141,74
190,52
190,52
189,136
172,74
153,143
190,60
148,67
174,94
155,78
145,153
147,104
155,102
172,107
184,146
173,68
159,62
163,151
151,92
167,127
173,99
177,151
188,157
197,73
179,100
140,81
154,83
191,152
147,151
140,79
167,101
177,113
175,135
148,117
197,88
144,107
193,64
175,75
194,107
159,128
142,75
184,138
147,61
163,152
149,156
145,103
180,51
155,115
186,153
190,155
169,106
167,64
154,100
165,132
151,74
192,154
193,125
160,93
171,110
140,96
199,89
143,66
165,103
194,149
147,69
178,143
164,53
196,146
184,108
163,137
152,151
150,141
140,145
144,83
159,118
160,155
145,60
169,81
185,71
162,50
143,94
155,83
175,136
182,62
167,112
144,159
147,160
156,134
197,106
147,102
143,141
141,157
199,109
149,100
144,55
175,70
153,58
162,122
185,159
182,99
192,80
173,70
146,157
166,69
144,61
195,126
158,130
147,101
168,78
158,106
180,102
156,98
199,85
184,55
179,62
178,158
187,156
171,53
164,95
196,61
166,77
176,130
166,156
193,76
158,120
165,114
173,134
156,153
153,120
175,142
175,117
154,115
180,64
146,68
179,84
149,68
195,158
198,90
158,105
198,90
180,123
171,96
169,69
162,51
167,112
186,65
149,110
146,79
156,122
162,156
154,141
191,126
154,118
147,76
189,64
151,67
142,154
182,99
179,89
194,53
167,107
162,137
160,105
162,74
159,121
175,84
187,157
146,69
199,72
175,130
177,77
193,134
157,122
160,150
178,115
162,72
141,89
172,154
189,121
162,99
145,79
142,104
179,99
189,118
154,75
187,80
163,110
166,118
150,73
147,60
147,117
151,148
187,148
167,131
175,118
142,67
174,97
168,72
172,128
141,80
153,82
179,129
148,67
146,105
190,86
171,156
152,117
180,99
195,119
175,125
162,73
190,152
144,109
171,119
171,137
159,136
165,155
146,57
190,107
184,147
156,121
148,72
186,56
165,137
196,114
181,155
197,105
152,54
198,96
173,158
199,55
157,55
174,129
184,135
174,67
181,119
193,67
150,84
197,157
192,51
194,64
145,115
184,76
183,77
145,125
178,151
197,151
174,138
172,65
195,76
186,113
159,119
154,145
163,147
151,122
166,130
164,106
177,137
151,151
176,98
153,83
181,137
155,117
181,62
145,135
146,127
195,102
176,107
146,97
149,150
150,143
143,149
172,108
152,55
163,73
147,107
141,82
141,68
191,102
181,146
172,108
185,79
187,106
189,65
145,160
159,70
192,74
160,159
176,117
150,50
194,152
150,77
197,101
196,72
146,151
191,57
197,115
177,80
155,155
155,118
183,60
184,109
159,136
193,90
199,57
144,118
191,65
145,156
148,72
153,104
165,150
171,57
140,142
155,72
162,138
143,68
184,62
173,105
189,83
199,66
164,118
171,52
189,160
163,65
191,147
154,93
197,157
170,145
184,96
174,70
179,57
149,52
199,50
183,52
159,60
192,96
195,59
174,152
167,96
171,87
166,57
166,97
145,78
184,137
155,106
153,110
181,78
166,81
166,84
145,126
187,139
145,56
194,92
199,67
143,60
159,138
165,137
193,151
191,126
173,120
159,140
186,64
166,108
197,71
190,160
199,65
149,70
178,139
170,58
198,112
150,132
196,59
157,71
171,62
182,143
157,123
187,77
190,120
146,133
159,157
175,115
175,104
172,81
151,83
151,108
156,51
174,130
163,155
184,131
173,99
142,94
171,132
167,105
198,139
170,103
175,133
143,100
167,132
199,152
190,68
181,122
149,78
194,134
184,51
162,110
199,93
163,104
171,63
199,96
167,69
199,151
198,135
194,81
172,63
182,130
181,155
154,56
195,124
166,132
185,117
191,87
182,154
165,115
164,149
156,157
170,84
153,139
185,131
197,117
175,55
186,155
155,68
190,67
167,102
160,109
167,94
195,74
176,86
155,51
177,79
189,146
197,88
184,109
144,105
158,84
155,92
176,130
141,82
176,136
170,77
180,69
164,69
195,157
198,149
165,51
199,74
198,63
170,59
180,114
147,158
199,81
199,152
184,117
168,133
149,146
147,68
160,102
144,150
143,120
178,135
170,100
193,65
159,102
163,127
162,125
191,109
174,140
194,53
166,75
144,144
170,129
162,134
175,153
166,147
158,141
164,135
170,139
140,153
156,129
152,58
181,122
150,152
196,75
155,55
176,55
198,87
146,96
164,129
184,62
174,58
197,62
155,145
143,117
165,128
197,79
166,93
173,57
162,90
141,138
178,66
170,127
197,56
150,95
152,112
144,67
181,114
165,92
183,160
141,146
149,53
186,138
154,140
184,70
163,135
155,106
148,122
193,72
179,73
143,136
170,113
196,144
150,84
163,158
195,56
197,57
147,80
191,152
147,104
189,53
190,61
166,124
191,84
190,91
188,118
173,107
141,90
165,63
143,67
142,93
143,132
172,96
168,98
162,129
155,98
140,134
198,73
161,51
194,123
177,104
169,124
179,64
152,66
173,63
196,65
161,122
166,51
193,150
182,66
148,152
171,101
186,146
185,144
166,159
161,142
162,155
163,117
168,63
180,132
157,139
147,74
158,86
140,160
140,131
171,134
146,54
152,115
171,59
142,157
155,114
194,155
176,154
175,160
177,90
163,129
197,131
177,106
142,130
188,73
155,57
181,109
157,154
164,99
190,82
142,78
162,115
195,116
190,59
140,130
157,124
191,60
146,112
146,98
156,108
153,136
188,74
145,123
152,151
171,154
184,74
150,145
150,121
176,95
154,91
157,139
187,73
186,53
169,68
164,61
175,98
176,59
198,154
157,84
147,51
185,58
175,84
156,57
178,155
154,103
181,129
180,143
179,112
146,94
162,101
169,64
167,139
168,61
176,95
184,143
195,60
184,160
152,52
177,87
199,68
160,133
184,90
151,144
176,94
167,86
190,120
172,154
191,110
168,157
163,140
158,50
177,116
177,124
164,155
172,87
146,94
176,90
141,115
193,102
188,81
193,136
170,133
141,112
151,154
168,84
184,79
154,60
184,101
165,129
165,89
143,139
188,144
189,78
175,59
168,117
194,93
157,50
161,128
150,58
165,124
194,142
162,160
140,142
160,100
192,129
176,143
160,88
181,121
184,52
182,147
180,65
191,113
175,102
196,92
149,52
153,62
191,100
167,142
147,148
195,64
158,82
152,134
186,157
145,115
168,118
165,131
180,142
154,64
183,120
162,112
175,122
141,77
181,81
170,81
173,123
192,81
141,99
153,52
179,76
155,93
156,67
150,90
194,86
187,98
188,152
179,82
190,76
147,144
165,57
179,122
195,88
188,92
180,72
162,148
164,158
183,50
143,152
194,69
171,123
193,87
160,137
152,141
197,92
141,151
162,153
156,83
180,122
189,122
144,106
191,158
186,158
153,147
156,92
183,78
154,84
160,150
190,132
172,104
182,71
188,93
144,58
145,110
145,94
196,85
149,73
166,128
154,116
144,73
189,142
159,78
147,109
150,148
161,88
186,89
156,128
163,102
181,145
179,105
195,155
166,128
160,76
168,136
161,125
191,103
159,148
144,106
153,103
184,64
180,86
143,78
158,66
145,82
190,61
148,82
154,75
140,144
153,57
197,152
191,120
166,73
160,69
164,120
169,159
169,51
151,69
154,143
181,94
162,110
176,149
185,75
193,89
157,126
170,76
146,126
178,152
183,67
168,149
165,75
188,119
171,102
156,159
153,72
142,153
180,55
186,160
177,155
168,66
146,87
197,118
145,63
175,90
183,122
166,74
145,79
150,130
152,64
156,68
199,106
149,62
166,79
173,159
195,69
156,102
162,51
143,143
151,126
151,102
176,139
189,104
196,120
168,130
160,143
164,106
181,139
142,146
170,135
161,143
164,94
190,68
147,139
164,57
194,94
167,129
153,58
147,112
153,102
144,123
148,134
195,55
163,112
186,59
182,115
145,147
178,148
144,128
187,74
142,111
192,80
187,118
173,129
181,64
147,69
175,109
142,51
155,138
186,100
152,128
168,94
151,50
184,53
186,143
166,127
169,94
189,78
197,92
193,97
156,121
183,116
198,101
145,79
143,125
195,87
169,150
172,68
142,51
156,70
193,66
147,94
187,52
178,59
185,103
148,62
195,121
166,53
147,59
182,64
149,140
196,108
140,80
199,111
152,136
175,80
197,59
182,67
164,99
186,150
147,102
165,114
151,87
151,124
167,87
181,103
155,113
164,149
164,160
182,137
141,103
164,158
196,156
178,116
158,117
187,160
175,94
165,75
152,155
169,95
148,128
174,142
168,74
178,103
198,51
190,124
155,71
147,132
150,67
166,52
172,150
177,148
141,128
140,136
150,105
148,70
166,71
191,80
146,158
187,151
160,160
148,123
194,108
153,83
163,115
196,152
193,91
197,120
162,124
171,54
182,54
156,51
169,67
163,76
166,158
188,139
182,156
141,107
155,80
182,156
192,75
178,53
152,146
178,94
197,63
176,79
191,133
187,92
175,80
162,98
166,117
168,81
151,142
194,159
167,142
162,159
140,73
152,112
194,71
186,122
163,66
146,74
149,149
145,79
196,53
155,74
189,121
197,122
163,127
149,84
168,106
181,79
178,140
191,96
174,111
199,122
167,138
164,85
180,148
195,150
154,140
173,52
160,99
168,50
149,143
170,113
174,117
199,119
147,146
149,116
153,102
162,153
198,54
162,160
160,151
165,55
198,138
165,160
148,101
177,83
145,159
188,78
193,67
170,55
150,59
198,149
190,100
186,75
171,133
180,120
158,129
190,151
170,156
171,88
166,141
181,153
164,155
147,112
161,65
167,104
192,79
174,76
160,82
186,114
169,136
197,68
193,105
179,112
174,114
189,96
162,127
198,141
199,116
166,155
143,112
157,101
199,88
151,95
177,151
192,111
147,53
181,56
170,139
151,133
150,124
187,128
152,141
173,148
142,87
147,98
147,150
196,90
143,160
144,157
192,79
181,74
195,115
158,85
162,100
182,126
161,77
160,158
151,59
161,128
194,53
198,148
181,60
173,97
170,94
168,105
192,102
164,135
187,160
182,76
187,57
187,158
190,113
161,96
154,107
141,75
157,87
167,131
170,98
179,85
174,154
179,115
180,116
143,52
172,78
156,119
189,102
167,131
176,137
152,110
196,152
151,138
156,54
145,116
181,113
189,145
186,128
189,152
159,133
181,128
199,116
169,158
178,138
170,69
151,52
142,97
178,87
191,138
157,80
144,91
146,153
152,102
165,127
171,115
151,104
179,55
198,125
195,125
147,105
156,73
195,55
179,52
167,63
182,90
142,54
154,115
181,80
144,82
166,147
151,159
169,89
165,120
188,123
149,83
162,139
170,150
152,88
162,60
168,132
199,78
181,74
179,148
183,80
166,56
197,152
149,68
186,67
197,117
189,118
142,73
192,74
186,147
159,53
171,70
149,52
183,130
149,64
166,68
172,117
147,134
166,138
165,141
150,152
188,95
159,53
171,148
194,118
140,76
167,144
198,52
172,160
166,143
185,122
166,92
168,83
159,122
169,60
197,150
158,156
190,77
153,102
196,74
191,159
166,81
197,140
169,61
171,113
148,137
193,56
196,102
147,110
141,72
176,122
144,129
187,52
156,102
152,60
147,56
177,99
193,63
140,127
158,160
150,85
174,95
172,61
158,96
195,77
148,151
177,153
162,108
155,84
142,94
171,114
183,136
142,155
159,149
155,104
168,64
144,114
190,58
164,93
166,64
146,85
174,90
183,110
174,149
169,110
194,55
197,100
147,77
173,130
186,51
164,122
157,125
163,100
152,71
170,150
178,146
158,90
155,143
179,140
143,94
189,121
159,103
162,78
187,155
157,136
156,51
145,79
173,127
158,104
140,100
192,133
172,78
184,89
191,108
143,110
150,126
159,64
182,122
149,151
142,117
177,158
164,88
188,65
180,82
182,51
189,78
185,54
146,111
194,97
177,58
154,114
166,93
187,85
198,147
182,80
161,155
143,100
171,128
156,125
162,57
160,131
156,51
184,87
195,68
160,134
191,70
159,62
153,107
149,95
169,88
185,145
142,91
188,78
188,54
166,115
183,105
178,62
152,62
199,136
154,99
144,125
157,53
140,76
143,120
190,121
150,144
158,103
174,88
195,134
152,90
182,93
195,109
188,58
175,65
181,118
192,137
192,128
193,90
180,64
154,79
143,155
166,150
151,152
153,90
180,146
198,110
141,70
194,60
169,56
172,109
176,150
166,82
197,77
151,54
154,153
181,50
147,153
151,127
164,135
155,105
189,153
182,103
144,105
181,78
156,110
161,143
195,137
152,125
147,97
190,101
146,77
172,94
154,146
163,105
140,112
198,153
192,131
145,107
196,98
193,134
175,59
170,67
174,118
144,137
170,106
175,65
171,142
176,95
140,135
177,137
156,121
176,108
163,126
182,121
199,92
189,75
145,150
172,54
173,68
140,79
169,73
170,121
175,68
183,117
169,97
150,152
178,74
171,80
174,113
150,59
145,76
140,133
141,87
144,52
167,75
191,74
194,71
187,159
193,109
188,81
189,63
145,114
148,117
196,72
160,52
192,79
146,86
151,62
153,137
186,87
178,82
141,101
153,118
179,136
180,122
172,54
155,138
161,91
173,98
178,77
142,153
175,132
170,51
166,92
144,60
198,115
147,145
166,76
157,157
153,146
174,118
146,73
182,141
144,147
176,101
152,67
175,122
151,78
149,136
165,120
195,138
168,143
176,140
182,123
175,141
186,117
192,116
167,145
186,93
157,78
143,149
164,103
164,94
178,127
154,100
186,101
197,156
178,145
157,97
165,69
171,81
198,119
172,94
171,156
190,86
156,57
197,107
155,101
157,109
164,119
191,114
191,113
151,130
152,50
173,100
147,52
189,106
192,123
175,59
158,141
147,112
173,113
160,121
189,109
146,54
150,87
196,121
154,112
190,96
155,115
169,56
166,106
179,113
146,85
182,134
147,130
158,74
159,85
175,59
156,148
150,139
147,112
167,70
191,127
167,106
140,81
150,100
190,136
179,159
182,138
152,116
168,155
176,90
142,67
195,107
191,116
170,111
163,96
190,113
165,105
161,52
169,78
196,123
191,118
197,79
183,156
144,137
141,53
179,155
190,148
167,113
155,124
148,144
150,160
182,124
148,117
197,130
149,82
181,69
189,90
154,76
164,85
178,145
191,117
143,122
168,100
199,54
180,85
169,147
165,156
179,103
180,108
180,63
169,160
178,78
164,160
187,124
192,54
154,119
162,101
140,132
193,72
171,92
192,89
164,154
196,51
186,139
173,125
148,77
164,83
171,88
176,116
185,144
188,126
145,57
146,134
151,52
185,154
151,138
188,101
162,115
160,121
156,159
157,83
161,122
181,80
194,105
159,114
161,121
187,111
190,113
162,55
155,58
162,76
174,114
187,97
169,135
161,67
150,141
175,148
181,101
191,90
156,69
197,64
183,131
196,98
142,58
190,147
165,51
184,76
148,75
198,110
193,85
187,71
164,100
171,100
140,131
185,94
182,140
166,105
142,76
158,81
168,120
189,57
160,91
148,69
192,142
163,130
191,104
199,154
184,67
140,127
146,156
148,108
161,69
165,159
198,120
162,92
155,134
166,59
163,154
162,78
171,107
189,151
171,122
190,125
195,112
190,66
194,80
153,51
193,132
143,116
181,157
144,84
161,103
141,95
188,139
149,117
170,133
169,52
172,116
199,112
168,122
196,107
155,148
158,69
198,128
165,62
189,74
172,81
142,152
157,134
182,77
153,94
148,78
184,74
157,143
140,63
141,68
193,117
147,126
141,132
169,109
179,126
164,85
184,89
198,59
168,109
185,65
181,61
142,140
178,148
173,114
182,112
192,112
186,110
152,65
196,109
153,121
143,146
177,140
164,67
142,106
146,70
158,75
140,140
159,122
168,160
166,150
178,111
149,143
180,98
157,52
152,60
165,101
160,59
166,113
158,117
182,156
194,84
182,142
150,97
183,134
164,150
191,60
198,61
158,145
151,101
142,58
162,146
190,120
179,153
188,94
155,88
167,127
171,109
178,138
157,91
186,69
176,97
166,78
168,120
177,99
190,129
150,102
158,151
186,132
168,94
142,59
199,97
167,50
146,64
155,150
185,80
180,96
178,149
146,82
180,151
163,109
185,91
157,98
176,90
186,104
145,87
194,88
160,68
146,50
167,83
178,152
170,102
141,130
153,142
181,127
142,141
173,81
151,146
179,81
151,150
152,109
185,104
142,142
190,84
155,134
168,148
176,76
158,114
160,50
155,126
148,152
164,64
177,65
141,87
162,129
178,65
170,125
160,144
170,94
169,117
164,67
180,147
174,126
173,151
169,90
190,155
148,156
196,159
199,116
158,93
161,109
188,153
185,62
197,74
165,84
186,107
187,147
180,64
155,144
152,136
190,96
197,83
162,108
154,141
144,89
142,86
172,62
194,111
155,159
150,54
157,77
141,155
178,86
181,52
174,109
185,98
175,65
175,158
158,156
166,156
184,102
177,152
167,68
199,62
166,96
162,137
143,60
157,151
163,103
167,93
166,64
176,156
174,144
182,119
177,143
199,108
168,78
198,71
154,148
143,67
180,63
180,154
180,154
196,96
193,134
156,73
162,154
147,116
145,101
141,156
181,84
147,132
166,151
178,77
152,91
178,58
140,147
175,111
144,82
188,104
182,160
155,109
176,114
162,152
187,70
163,51
167,115
176,50
154,63
146,118
170,92
182,120
151,135
180,126
146,138
196,74
192,63
178,60
161,77
193,153
164,116
187,55
179,121
147,83
143,110
186,87
162,89
170,72
147,124
144,51
180,136
148,105
172,80
194,81
167,113
181,110
197,50
191,137
177,92
183,97
197,120
168,58
171,104
160,139
197,107
165,74
177,86
166,157
144,52
146,153
195,93
192,108
155,57
176,154
179,60
178,59
185,153
141,140
187,88
147,148
143,68
175,104
187,116
150,81
198,76
191,150
162,145
140,50
148,142
195,157
177,99
148,60
192,78
175,69
165,140
190,79
192,149
160,150
160,112
156,95
167,72
168,68
141,134
181,156
164,57
191,136
166,83
158,82
184,112
182,93
149,50
166,93
176,57
161,128
149,159
190,115
181,97
190,97
173,129
154,141
195,127
166,83
156,74
155,92
155,145
146,76
143,102
197,125
147,113
166,131
140,86
145,63
177,69
155,92
169,136
148,132
199,51
159,148
188,61
178,100
198,131
181,148
190,124
183,132
151,147
165,77
190,156
183,139
163,131
152,82
141,91
145,152
175,52
195,123
168,69
177,148
191,87
147,148
187,89
198,70
168,85
192,52
156,86
151,155
175,116
180,88
168,94
144,144
191,114
169,65
193,158
182,106
181,109
160,84
188,113
180,160
172,113
147,145
186,122
140,122
166,157
173,119
185,79
170,155
193,134
170,121
153,75
187,116
161,75
172,150
190,87
168,101
154,109
192,89
151,70
146,153
180,146
169,153
160,121
185,116
151,63
157,96
185,157
178,132
153,112
172,120
156,112
182,80
183,79
158,157
161,121
159,132
187,85
192,54
184,151
169,83
143,89
151,115
153,54
166,62
156,52
195,76
168,62
152,160
193,138
199,88
143,88
189,141
161,90
198,65
183,156
163,134
175,56
148,152
171,112
169,110
197,70
148,134
185,93
151,141
193,117
158,156
198,74
194,151
150,53
154,56
178,106
181,87
141,156
143,77
172,148
146,94
195,86
181,153
172,96
145,69
179,118
147,139
171,157
174,150
157,153
192,153
196,111
160,149
189,93
153,150
147,105
159,124
191,94
169,82
191,56
179,140
162,126
184,138
188,74
142,110
153,113
142,81
149,122
142,159
164,62
194,75
166,85
173,73
156,94
173,109
163,96
197,155
169,69
145,61
146,93
143,59
143,106
156,101
173,93
142,59
155,154
148,148
177,111
169,50
150,97
165,99
182,56
170,98
155,104
192,101
179,108
191,67
149,78
160,109
167,132
154,149
182,121
157,103
163,73
195,80
182,153
151,148
151,93
198,78
167,140
171,140
166,124
146,89
190,63
180,85
144,51
181,111
185,76
164,90
196,97
185,104
183,58
169,155
180,127
149,69
140,75
148,66
145,145
197,108
163,98
151,54
172,61
192,79
180,113
156,64
166,62
153,129
168,56
161,57
148,118
145,65
178,85
188,51
155,88
179,117
166,54
145,114
146,55
183,105
183,138
195,66
178,83
142,64
167,61
152,58
153,104
165,104
174,108
194,98
146,78
140,116
155,120
177,97
178,129
188,72
168,61
178,50
160,155
154,158
161,154
158,80
175,89
140,97
194,107
169,115
162,67
161,140
178,97
194,57
151,63
149,64
155,132
174,144
153,103
195,158
171,128
141,149
144,61
191,89
188,131
181,57
173,125
148,158
155,102
171,157
162,52
154,153
153,105
191,121
168,114
175,143
174,116
171,158
192,117
164,157
153,86
166,77
150,101
165,66
185,94
145,88
170,106
178,103
194,150
187,131
188,93
154,101
197,154
169,111
197,62
191,125
171,52
155,132
153,149
147,134
181,129
178,151
178,78
183,55
186,73
192,132
168,100
148,147
165,101
162,86
179,60
146,155
184,159
151,84
178,153
151,151
164,87
159,142
184,113
173,103
154,62
197,56
158,146
187,158
189,83
160,110
198,78
169,75
150,75
168,145
184,50
190,62
165,87
144,118
151,89
199,80
178,118
164,142
177,151
166,125
154,156
151,83
175,133
143,56
161,141
160,125
169,132
153,116
150,74
157,139
160,66
188,108
154,74
188,97
199,81
144,140
162,84
190,121
189,52
187,138
194,131
177,123
173,141
170,147
197,76
164,144
184,71
181,109
152,144
197,140
158,113
149,151
174,81
156,102
199,143
189,113
159,125
148,55
167,132
163,111
192,134
154,120
162,157
175,149
182,151
152,159
156,117
182,83
161,84
152,102
188,94
179,128
182,138
152,122
181,144
199,123
142,85
188,142
180,130
162,115
170,137
170,52
155,109
165,124
181,132
148,115
158,138
186,55
189,100
179,152
142,128
189,94
153,96
155,145
169,99
184,118
181,111
140,108
199,68
191,121
182,68
178,70
196,126
145,157
180,116
141,92
167,65
155,60
145,133
145,156
193,76
198,88
160,144
155,129
197,147
142,145
191,65
169,103
165,90
148,72
174,117
159,93
157,59
174,83
157,141
149,63
198,104
144,125
159,99
198,142
185,115
169,119
150,89
165,83
196,144
187,61
178,82
157,106
149,124
185,153
152,112
196,62
184,72
196,149
196,110
151,122
165,118
169,85
175,119
150,159
178,115
181,81
151,110
198,58
169,71
169,88
190,125
165,52
193,94
183,76
191,94
164,65
148,62
174,76
142,50
166,152
156,151
168,100
174,110
198,120
195,139
159,80
159,68
155,142
140,61
149,57
181,156
156,58
164,69
147,128
182,52
150,76
196,110
193,108
144,124
164,76
181,60
153,122
155,133
183,117
153,89
190,118
169,87
193,146
177,91
184,76
145,72
157,101
145,99
194,102
172,67
164,92
195,110
174,106
177,121
162,59
148,140
171,130
165,98
174,137
193,112
146,155
161,54
193,109
197,144
151,125
145,131
170,83
184,104
150,64
146,50
153,64
161,143
188,118
158,124
152,59
178,147
165,69
142,68
148,146
140,51
175,79
144,134
141,158
155,79
190,82
148,95
148,54
164,112
153,141
150,68
190,123
197,91
176,68
152,106
184,84
185,132
142,93
181,81
181,89
143,144
161,66
148,111
193,154
194,103
154,91
166,108
199,123
198,109
145,75
178,135
152,54
192,78
164,51
175,51
173,93
155,103
161,55
145,90
189,144
170,60
183,84
198,55
173,123
169,112
154,118
145,51
179,118
182,63
153,94
147,92
175,135
155,75
151,91
184,118
141,89
187,150
166,95
150,86
191,92
171,102
169,115
155,157
166,64
166,128
185,148
151,110
142,56
191,119
198,160
156,81
182,155
142,123
175,51
140,56
180,68
147,113
175,104
187,145
159,96
188,116
165,158
144,134
144,79
158,73
173,55
182,85
145,57
148,86
193,148
197,69
177,82
150,105
168,88
196,62
198,60
141,73
149,68
158,65
189,130
149,146
197,135
146,68
194,140
156,71
189,111
146,91
178,111
155,86
190,112
182,151
176,55
173,91
197,153
149,113
188,153
177,151
172,137
141,54
146,140
171,144
174,143
184,80
176,122
185,60
156,59
195,75
194,57
170,95
194,75
164,100
178,136
193,52
140,81
143,126
179,131
169,73
153,121
150,142
198,134
149,72
140,51
145,64
173,102
185,87
178,159
174,56
177,101
173,102
168,55
186,74
150,131
175,50
151,74
151,142
185,90
150,146
173,135
153,67
162,65
199,71
182,112
150,95
152,147
183,75
154,53
170,122
152,85
160,145
176,111
149,106
170,67
189,88
199,154
193,106
142,105
173,154
164,106
194,62
165,95
159,143
154,126
180,80
174,120
181,130
150,139
156,101
179,62
155,56
176,146
186,119
161,63
159,122
161,116
180,106
165,93
186,100
161,136
165,83
167,95
180,159
174,141
181,69
168,111
181,103
162,133
177,140
198,51
181,65
193,137
141,156
168,71
174,91
196,117
149,136
163,110
186,80
167,151
157,120
192,114
178,89
160,56
182,67
154,96
155,88
161,69
160,63
144,78
169,58
152,153
176,118
143,70
188,71
140,119
198,114
171,88
152,64
164,61
176,129
142,105
184,78
199,79
175,96
180,126
195,159
189,116
143,91
179,122
171,64
164,81
159,67
163,147
159,51
182,151
180,130
178,63
189,50
166,142
198,58
178,136
187,82
170,63
178,65
165,159
179,135
174,117
161,91
190,124
193,121
166,145
180,157
185,115
148,62
162,54
171,101
192,90
191,56
148,97
164,86
178,131
178,153
142,159
193,53
150,69
190,105
190,149
175,132
174,70
164,113
141,156
179,144
152,106
182,71
151,144
144,155
194,112
174,126
152,119
198,64
194,64
162,55
181,80
169,119
140,153
154,65
157,147
176,100
188,71
177,64
191,85
145,139
158,68
192,53
144,143
145,111
177,105
194,87
150,124
153,159
153,129
151,54
154,80
199,92
189,95
188,71
173,60
163,91
196,156
182,78
158,95
154,139
182,140
194,157
187,139
142,94
166,140
163,94
174,66
145,135
160,80
175,58
165,112
151,76
177,156
182,66
164,77
147,54
147,153
168,134
166,77
191,67
156,55
177,90
185,106
189,141
159,72
189,59
174,83
152,155
173,107
168,77
182,135
149,87
166,153
178,135
190,143
195,55
177,128
149,112
156,105
159,149
144,134
185,93
156,118
146,120
162,115
176,62
181,80
176,63
157,58
144,153
147,106
182,61
196,147
194,143
172,93
175,76
154,51
190,124
175,60
146,82
167,90
192,109
168,54
169,94
162,96
144,118
181,128
196,99
156,106
182,152
148,51
165,77
191,156
186,86
192,142
175,112
189,148
180,156
164,89
146,75
144,123
150,110
176,55
144,86
161,141
154,120
187,133
160,141
154,119
140,121
158,109
161,126
195,94
158,93
199,158
158,56
193,128
190,122
171,109
163,77
156,135
160,68
184,149
180,113
174,84
147,64
196,60
190,115
170,157
154,62
199,87
178,136
179,112
186,130
140,87
142,85
150,125
143,115
190,138
179,153
199,158
185,85
177,97
170,143
152,104
157,131
169,132
145,154
163,77
184,155
170,91
197,138
140,79
147,98
195,152
175,134
186,109
161,55
192,132
149,99
166,104
140,58
184,140
156,61
175,146
168,82
160,160
185,149
175,131
167,129
140,131
171,53
164,107
167,92
186,58
141,126
158,51
187,53
178,69
171,85
150,108
150,81
162,136
166,88
198,151
143,107
158,117
184,137
171,119
140,160
159,79
158,61
170,146
166,84
158,80
146,115
142,100
140,79
151,127
187,50
180,132
192,100
183,119
140,146
173,128
190,83
172,67
159,117
157,152
167,79
174,83
183,50
164,123
181,69
146,110
145,74
161,149
193,144
178,131
145,79
140,136
190,77
163,142
165,137
167,150
153,72
191,151
159,117
192,133
152,150
142,102
178,125
175,99
170,58
149,61
154,71
183,50
165,83
189,79
176,112
191,158
187,144
160,126
153,77
173,76
171,72
175,155
165,113
183,97
183,110
194,145
196,54
175,89
149,130
161,143
145,158
168,143
158,132
164,88
181,93
175,143
180,106
143,114
197,151
156,65
198,56
149,70
188,122
181,150
176,51
156,73
158,136
144,118
169,62
180,81
158,86
198,143
149,71
150,155
147,158
186,84
179,54
192,158
155,146
160,59
